3.600602623480225750e-02,-6.746240595967588349e-03,2.955332368806432020e-02,1.784658867401715809e-02,4.754520952701568604e-01,5.245479345321655273e-01,1.000000000000000000e+00
3.587110142288290476e-02,1.879396904195842211e-01,2.991025546154466377e-02,-2.653673758272371841e-01,7.526293992996215820e-01,2.473706007003784180e-01,0.000000000000000000e+00
3.962989523127458807e-02,-7.596111241596953390e-03,2.460290794499991884e-02,3.659744227227940128e-02,4.580178558826446533e-01,5.419821739196777344e-01,1.000000000000000000e+00
3.947797300644265150e-02,1.871645484854198849e-01,2.533485679044550701e-02,-2.482226096184400044e-01,7.410754561424255371e-01,2.589245140552520752e-01,0.000000000000000000e+00
4.322126397615105170e-02,-8.309884951890861293e-03,2.037040459807670789e-02,5.234259701144344801e-02,4.437006413936614990e-01,5.562993288040161133e-01,1.000000000000000000e+00
4.305506627711323114e-02,1.865141455948142735e-01,2.141725653830557630e-02,-2.338443339624363682e-01,7.312709689140319824e-01,2.687290012836456299e-01,0.000000000000000000e+00
4.678534918900952022e-02,-8.907166007816519349e-03,1.674036985905684796e-02,6.551659841289209085e-02,4.320514202117919922e-01,5.679486393928527832e-01,1.000000000000000000e+00
4.660720586885318956e-02,1.859708230908526383e-01,1.805070182731469131e-02,-2.218379878713193087e-01,7.230886220932006836e-01,2.769114077091217041e-01,0.000000000000000000e+00
5.032662233067024260e-02,-9.404421333193468957e-03,1.361394206988830388e-02,7.648375419349601190e-02,4.226873219013214111e-01,5.773127079010009766e-01,1.000000000000000000e+00
5.013853390400637572e-02,1.855197445657675581e-01,1.514361715375822474e-02,-2.118730243918456324e-01,7.163950800895690918e-01,2.836048901081085205e-01,0.000000000000000000e+00
5.384892879532172938e-02,-9.815414379973491643e-03,1.090615666592131133e-02,8.554817091013666719e-02,4.152900576591491699e-01,5.847098827362060547e-01,1.000000000000000000e+00
5.365262050772225816e-02,1.851485201132053726e-01,1.261712008412404530e-02,-2.036739921261789266e-01,7.110617756843566895e-01,2.889382243156433105e-01,0.000000000000000000e+00
5.735559090998636200e-02,-1.015157448264725204e-02,8.543640241600466978e-03,9.296216734556783656e-02,4.096000194549560547e-01,5.903999805450439453e-01,1.000000000000000000e+00
5.715255942033341946e-02,1.848468849643256084e-01,1.040288358851182426e-02,-1.970130469594442713e-01,7.069712877273559570e-01,2.930287420749664307e-01,0.000000000000000000e+00
6.084949711961993440e-02,-1.042230795216708694e-02,6.462622649322938631e-03,9.893328614721785819e-02,4.054097533226013184e-01,5.945902466773986816e-01,1.000000000000000000e+00
6.064105096057659239e-02,1.846064280915017952e-01,8.441288372267295032e-03,-1.917037110031710734e-01,7.040213942527770996e-01,2.959786057472229004e-01,0.000000000000000000e+00
6.433317952240662219e-02,-1.063525722749805724e-02,4.607214152203872870e-03,1.036300923350998437e-01,4.025579094886779785e-01,5.974420905113220215e-01,1.000000000000000000e+00
6.412047437785665938e-02,1.844203660555924773e-01,6.679815998905869884e-03,-1.875957211764490151e-01,7.021276354789733887e-01,2.978724241256713867e-01,0.000000000000000000e+00
6.780888169896850948e-02,-1.079651396021377718e-02,2.927901575376889477e-03,1.071869172463003062e-01,4.009240269660949707e-01,5.990759730339050293e-01,1.000000000000000000e+00
6.759295141976423560e-02,1.842833575579853056e-01,5.071639920302895704e-03,-1.845708339412238108e-01,7.012235522270202637e-01,2.987764775753021240e-01,0.000000000000000000e+00
7.127861857092393505e-02,-1.091079123028804165e-02,1.380223241478419592e-03,1.097076794744355488e-01,4.004241228103637695e-01,5.995758175849914551e-01,1.000000000000000000e+00
7.106040274631816867e-02,1.841913546045709227e-01,3.574376830967130811e-03,-1.825394750191797755e-01,7.012616395950317383e-01,2.987383902072906494e-01,0.000000000000000000e+00
7.474422983840958712e-02,-1.098155932242009247e-02,-7.641266941646462918e-05,1.112688902522220302e-01,4.010075330734252930e-01,5.989924669265747070e-01,1.000000000000000000e+00
7.452459865196119082e-02,1.841414867602539640e-01,2.148965135627975941e-03,-1.814381433420982903e-01,7.022126913070678711e-01,2.977873086929321289e-01,0.000000000000000000e+00
7.820742838716626677e-02,-1.101114870806860213e-02,-1.479797731213990108e-03,1.119219292056027881e-01,4.026547670364379883e-01,5.973452329635620117e-01,1.000000000000000000e+00
7.798720541300489806e-02,1.841319755932570301e-01,7.586408528980656367e-04,-1.812274971271342072e-01,7.040655612945556641e-01,2.959344387054443359e-01,0.000000000000000000e+00
8.166984492487003311e-02,-1.100082311597994078e-02,-2.865909089644618369e-03,1.116946570966281249e-01,4.053765833377838135e-01,5.946233868598937988e-01,1.000000000000000000e+00
8.144982846255043041e-02,1.841620770374536031e-01,-6.320159477120556278e-04,-1.818910670349592196e-01,7.068265080451965332e-01,2.931734621524810791e-01,0.000000000000000000e+00
8.513307000329950469e-02,-1.095082484804124623e-02,-4.269837288411239620e-03,1.105924146644964301e-01,4.092135727405548096e-01,5.907863974571228027e-01,1.000000000000000000e+00
8.491405350633868254e-02,1.842320500184138343e-01,-2.057988995121311053e-03,-1.834345571286338239e-01,7.105184197425842285e-01,2.894815206527709961e-01,0.000000000000000000e+00
8.859869450670695978e-02,-1.086039380990772019e-02,-5.726680137693987774e-03,1.085984405675899933e-01,4.142369329929351807e-01,5.857630968093872070e-01,1.000000000000000000e+00
8.838148663050880705e-02,1.843431502869845307e-01,-3.554711326342187977e-03,-1.858857090934217804e-01,7.151799798011779785e-01,2.848199903964996338e-01,0.000000000000000000e+00
9.206834963624849211e-02,-1.072776107263995193e-02,-7.272425508210623654e-03,1.056737263359399104e-01,4.205499589443206787e-01,5.794500708580017090e-01,1.000000000000000000e+00
9.185379441479568641e-02,1.844976489816972931e-01,-5.158950981491826002e-03,-1.892947191961074638e-01,7.208639979362487793e-01,2.791359722614288330e-01,0.000000000000000000e+00
9.554374739442962616e-02,-1.055011715528839100e-02,-8.944845365413975000e-03,1.017563117930092575e-01,4.282902777194976807e-01,5.717096924781799316e-01,1.000000000000000000e+00
9.533274505132385834e-02,1.846988759994364626e-01,-6.909719129553789502e-03,-1.937352110446523556e-01,7.276357412338256836e-01,2.723643481731414795e-01,0.000000000000000000e+00
9.902672257131259204e-02,-1.032355461138673158e-02,-1.078442335044683606e-02,9.676001024515035187e-02,4.376325607299804688e-01,5.623673796653747559e-01,1.000000000000000000e+00
9.882025147908485296e-02,1.849512887937312944e-01,-8.849223145543828536e-03,-1.993057806309621038e-01,7.355696558952331543e-01,2.644302845001220703e-01,0.000000000000000000e+00
1.025192772549594761e-01,-1.004298390882077396e-02,-1.283533875816307047e-02,9.057253852993119025e-02,4.487912952899932861e-01,5.512087345123291016e-01,1.000000000000000000e+00
1.023184175767830606e-01,1.852605677400258610e-01,-1.102388798756444646e-02,-2.061321436588497980e-01,7.447459101676940918e-01,2.552540898323059082e-01,0.000000000000000000e+00
1.060236289315835828e-01,-9.702021010684958036e-03,-1.514653086074144173e-02,8.305301244002671890e-02,4.620230793952941895e-01,5.379769802093505859e-01,1.000000000000000000e+00
1.058295885113698792e-01,1.856337396995661471e-01,-1.348547061194090707e-02,-2.143699290075713471e-01,7.552430033683776855e-01,2.447569370269775391e-01,0.000000000000000000e+00
1.095422633053612094e-01,-9.292844499773467160e-03,-1.777286919209233526e-02,7.402875279587056712e-02,4.776274263858795166e-01,5.223725438117980957e-01,1.000000000000000000e+00
1.093564064153657450e-01,1.860793318599770763e-01,-1.629229413617492433e-02,-2.242081765507993873e-01,7.671302556991577148e-01,2.328696697950363159e-01,0.000000000000000000e+00
1.130779930525652871e-01,-8.806019558291772187e-03,-2.077645766719091180e-02,6.329133125431801732e-02,4.959441125392913818e-01,5.040559768676757812e-01,1.000000000000000000e+00
1.129018726613994494e-01,1.866075582960994017e-01,-1.951063104210455298e-02,-2.358736125718324805e-01,7.804553508758544922e-01,2.195446342229843140e-01,0.000000000000000000e+00
1.166340238273214369e-01,-8.230285653378077715e-03,-2.422810329354120260e-02,5.059176758654532202e-02,5.173431038856506348e-01,4.826568365097045898e-01,0.000000000000000000e+00
1.164694181142538754e-01,-2.029966030412064804e-01,-2.321626794181029518e-02,3.355331363322500149e-01,2.372986972332000732e-01,7.627012729644775391e-01,1.000000000000000000e+00
1.124094860534297496e-01,-7.552072645237828397e-03,-1.650560521516529489e-02,3.562037529022338278e-02,5.265388488769531250e-01,4.734611511230468750e-01,0.000000000000000000e+00
1.122584446005249897e-01,-2.024334882870356123e-01,-1.579319770936082890e-02,3.230502526698271759e-01,2.416583001613616943e-01,7.583416700363159180e-01,1.000000000000000000e+00
1.082097748347842781e-01,-7.090249933818459915e-03,-9.332192655964285932e-03,2.542892990244044471e-02,5.302044749259948730e-01,4.697954952716827393e-01,0.000000000000000000e+00
1.080679698361079050e-01,-2.020771350080374507e-01,-8.823614057915476691e-03,3.151528967598745123e-01,2.422455847263336182e-01,7.577543854713439941e-01,1.000000000000000000e+00
1.040264271359471610e-01,-6.830614055613165592e-03,-2.520556122717986132e-03,1.970040724479554806e-02,5.285351276397705078e-01,4.714648723602294922e-01,0.000000000000000000e+00
1.038898148548348943e-01,-2.019163272301792433e-01,-2.126547977822075379e-03,3.115870047273459065e-01,2.391093969345092773e-01,7.608906030654907227e-01,1.000000000000000000e+00
9.985148831023131499e-02,-6.764144290291318473e-03,4.105192116724843028e-03,1.823418757182615479e-02,5.215730667114257812e-01,4.784268736839294434e-01,0.000000000000000000e+00
9.971620542442548307e-02,-2.019447273000860577e-01,4.469875868161366471e-03,3.122095182067686214e-01,2.323403805494308472e-01,7.676596045494079590e-01,1.000000000000000000e+00
9.567731087842376581e-02,-6.886739876382608205e-03,1.071406623229673866e-02,2.093959910879911179e-02,5.092164278030395508e-01,4.907836616039276123e-01,0.000000000000000000e+00
9.553957608089611031e-02,-2.021606900301995691e-01,1.113285821447272152e-02,3.169835879083014452e-01,2.220779359340667725e-01,7.779220342636108398e-01,1.000000000000000000e+00
9.149636228029212059e-02,-7.199063788041137890e-03,1.747252997263875132e-02,2.783226379831438280e-02,4.912436008453369141e-01,5.087563395500183105e-01,1.000000000000000000e+00
9.135238100453130228e-02,1.876680174379568022e-01,1.802917524860503731e-02,-2.592870786078459444e-01,7.671687006950378418e-01,2.328312098979949951e-01,0.000000000000000000e+00
9.510574135329043222e-02,-7.706613709069914941e-03,1.284343367644811759e-02,3.902752970792094933e-02,4.831451177597045898e-01,5.168548822402954102e-01,1.000000000000000000e+00
9.495160907910903114e-02,1.872288305156100396e-01,1.362398427060653588e-02,-2.495756547639103040e-01,7.627342939376831055e-01,2.372656911611557007e-01,0.000000000000000000e+00
9.869618568942123416e-02,-8.085004033636628007e-03,8.632471175328330915e-03,4.737323536424620229e-02,4.782430231571197510e-01,5.217569470405578613e-01,1.000000000000000000e+00
9.853448560874850104e-02,1.869121067424397986e-01,9.579935882613254544e-03,-2.425736175390252325e-01,7.603986859321594238e-01,2.396013140678405762e-01,0.000000000000000000e+00
1.022727277435973026e-01,-8.345365262345111335e-03,4.728463531832750172e-03,5.311560879882504249e-02,4.763422012329101562e-01,5.236577987670898438e-01,1.000000000000000000e+00
1.021058204383503976e-01,1.867084677946271865e-01,5.790775707809251056e-03,-2.380717068807358672e-01,7.601097226142883301e-01,2.398903220891952515e-01,0.000000000000000000e+00
1.058399897942429446e-01,-8.495730607294138537e-03,1.029341570194533539e-03,5.643215993004729869e-02,4.773292541503906250e-01,5.226708054542541504e-01,1.000000000000000000e+00
1.056700751820970618e-01,1.866114464300637488e-01,2.157984768795479479e-03,-2.359258242143180140e-01,7.618257999420166016e-01,2.381741851568222046e-01,0.000000000000000000e+00
1.094023041106983313e-01,-8.541269669215145743e-03,-2.560531715490880524e-03,5.743701535970618943e-02,4.811702370643615723e-01,5.188297033309936523e-01,1.000000000000000000e+00
1.092314787173140345e-01,1.866173012971301115e-01,-1.411791408296756778e-03,-2.360526769501730127e-01,7.655178904533386230e-01,2.344821393489837646e-01,0.000000000000000000e+00
1.129638247432566411e-01,-8.484451088241362626e-03,-6.132844947300216711e-03,5.618459344075332762e-02,4.879080653190612793e-01,5.120918750762939453e-01,1.000000000000000000e+00
1.127941357214918144e-01,1.867248957846308066e-01,-5.009153078485150366e-03,-2.384269653683434020e-01,7.711669802665710449e-01,2.288330048322677612e-01,0.000000000000000000e+00
1.165286336371844367e-01,-8.325137758547151989e-03,-9.777692385852018025e-03,5.267172951751869503e-02,4.976582825183868408e-01,5.023417472839355469e-01,1.000000000000000000e+00
1.163621308820134981e-01,1.869356386009329851e-01,-8.724257795501644611e-03,-2.430800302144084934e-01,7.787588834762573242e-01,2.212410569190979004e-01,0.000000000000000000e+00
1.201008436540321606e-01,-8.060617312301426862e-03,-1.358585839978981510e-02,4.683832320649183867e-02,5.106033682823181152e-01,4.893966317176818848e-01,0.000000000000000000e+00
1.199396313077861348e-01,-2.029851480954646958e-01,-1.264909193565997778e-02,3.352040165722196541e-01,2.296251505613327026e-01,7.703748345375061035e-01,1.000000000000000000e+00
1.158799283458768481e-01,-7.685482614178701377e-03,-5.945011604215584729e-03,3.855922006707024341e-02,5.112451910972595215e-01,4.887547791004180908e-01,0.000000000000000000e+00
1.157262186935932718e-01,-2.027216799253877266e-01,-5.173827202874179895e-03,3.293605230360325264e-01,2.279679179191589355e-01,7.720320820808410645e-01,1.000000000000000000e+00
1.116717850950855184e-01,-7.526459652892975027e-03,1.413383257846470564e-03,3.505051301784833928e-02,5.060459971427917480e-01,4.939539730548858643e-01,0.000000000000000000e+00
1.115212559020276606e-01,-2.026686506117977293e-01,2.114393518203437627e-03,3.281790416260368382e-01,2.224434763193130493e-01,7.775565385818481445e-01,1.000000000000000000e+00
1.074678828897916993e-01,-7.576864448882975056e-03,8.677974350724173419e-03,3.616364775436514689e-02,4.949695467948913574e-01,5.050304532051086426e-01,1.000000000000000000e+00
1.073163456008140448e-01,1.874195747801626066e-01,9.401247305811476565e-03,-2.537687052387205822e-01,7.720844745635986328e-01,2.279155999422073364e-01,0.000000000000000000e+00
1.110647370964173014e-01,-7.835342795563610130e-03,4.325873201037064644e-03,4.186465423590030044e-02,4.936459958553314209e-01,5.063539743423461914e-01,1.000000000000000000e+00
1.109080302405060225e-01,1.872243101573321244e-01,5.163166285755070931e-03,-2.494502848035511366e-01,7.723293900489807129e-01,2.276706248521804810e-01,0.000000000000000000e+00
1.146525164436526661e-01,-7.970992917969960123e-03,1.741605896840477119e-04,4.485673128250061703e-02,4.955880045890808105e-01,5.044119358062744141e-01,1.000000000000000000e+00
1.144930965852932608e-01,1.871484604927037831e-01,1.071295215334059931e-03,-2.477712411816423432e-01,7.747510671615600586e-01,2.252489477396011353e-01,0.000000000000000000e+00
1.182360657951473382e-01,-7.988774105984614016e-03,-3.884129608298786829e-03,4.524940348410350088e-02,5.007801651954650879e-01,4.992198348045349121e-01,0.000000000000000000e+00
1.180762903130276459e-01,-2.030548142119854016e-01,-2.979141538616716586e-03,3.367043252699082889e-01,2.203300297260284424e-01,7.796700000762939453e-01,1.000000000000000000e+00
1.140151940287879306e-01,-7.890594243839865740e-03,3.754944966781449678e-03,4.308342810342502549e-02,4.935083687305450439e-01,5.064916014671325684e-01,1.000000000000000000e+00
1.138573821439111400e-01,1.871773116293452277e-01,4.616613528849950257e-03,-2.484124166964642999e-01,7.723705172538757324e-01,2.276294827461242676e-01,0.000000000000000000e+00
1.176009283764980484e-01,-8.010265315302023126e-03,-3.516348050793356370e-04,4.572310823995057172e-02,4.958520531654357910e-01,5.041480064392089844e-01,1.000000000000000000e+00
1.174407230701920019e-01,1.871167263789072222e-01,5.628273597196758234e-04,-2.470707418367706909e-01,7.750527262687683105e-01,2.249473184347152710e-01,0.000000000000000000e+00
1.211830575977701496e-01,-8.013258564819242258e-03,-4.378587477015738298e-03,4.578966045466897894e-02,5.014277100563049316e-01,4.985722899436950684e-01,0.000000000000000000e+00
1.210227924264737631e-01,-2.030721505584597575e-01,-3.462794267922358719e-03,3.370878930887908909e-01,2.209096401929855347e-01,7.790904045104980469e-01,1.000000000000000000e+00
1.169613494153045608e-01,-7.901093311950574405e-03,3.278963593853459653e-03,4.331500295102341802e-02,4.945349097251892090e-01,5.054650902748107910e-01,1.000000000000000000e+00
1.168033275490655554e-01,1.871736856448174280e-01,4.145263652873928256e-03,-2.483315788915714806e-01,7.731856107711791992e-01,2.268143594264984131e-01,0.000000000000000000e+00
1.205468012619619056e-01,-8.007219242731428155e-03,-8.213679249575011471e-04,4.565596709111602314e-02,4.972567558288574219e-01,5.027432441711425781e-01,1.000000000000000000e+00
1.203866568771072704e-01,1.871265002865379889e-01,9.175141686481929834e-05,-2.472859956110483592e-01,7.761148810386657715e-01,2.238851934671401978e-01,0.000000000000000000e+00
1.241291868828380274e-01,-7.996761188576173573e-03,-4.853968495356148632e-03,4.542587028618544354e-02,5.032216310501098633e-01,4.967783391475677490e-01,0.000000000000000000e+00
1.239692516590664984e-01,-2.030487739993846463e-01,-3.945451089632439484e-03,3.365733816585390614e-01,2.222572118043899536e-01,7.777428030967712402e-01,1.000000000000000000e+00
1.199082761790788015e-01,-7.870898179546920170e-03,2.786016543538341605e-03,4.264888700455810033e-02,4.967424869537353516e-01,5.032575726509094238e-01,1.000000000000000000e+00
1.197508582154878654e-01,1.872109918412291907e-01,3.638994283629503560e-03,-2.491537245702903358e-01,7.748097777366638184e-01,2.251902967691421509e-01,0.000000000000000000e+00
1.234950780523124542e-01,-7.962737919008866516e-03,-1.344080207776303642e-03,4.467479362155885037e-02,4.999062120914459229e-01,5.000937581062316895e-01,1.000000000000000000e+00
1.233358232939322785e-01,1.871784609422217915e-01,-4.505843353451266346e-04,-2.484318997329493239e-01,7.780279517173767090e-01,2.219720184803009033e-01,0.000000000000000000e+00
1.270793925127767232e-01,-7.937052471921279828e-03,-5.419222330004113894e-03,4.410886888797960204e-02,5.063543319702148438e-01,4.936456978321075439e-01,0.000000000000000000e+00
1.269206514633383076e-01,-2.029808767998022567e-01,-4.537044952244521576e-03,3.350770657927257257e-01,2.245435267686843872e-01,7.754565477371215820e-01,1.000000000000000000e+00
1.228610339273422669e-01,-7.794649575097956085e-03,2.164496363609992938e-03,4.096685170955016719e-02,5.004162788391113281e-01,4.995837807655334473e-01,0.000000000000000000e+00
1.227051409358403122e-01,-2.029475722991258835e-01,2.983833397800996108e-03,3.343319115047672652e-01,2.185355424880981445e-01,7.814643979072570801e-01,1.000000000000000000e+00
1.186461894898577923e-01,-7.868215057653754618e-03,9.670471627896342487e-03,4.259142399075405150e-02,4.884013831615447998e-01,5.115986466407775879e-01,1.000000000000000000e+00
1.184888251887047106e-01,1.871137390301987891e-01,1.052230010771142317e-02,-2.470247571576666412e-01,7.671822905540466309e-01,2.328177541494369507e-01,0.000000000000000000e+00
1.222310999693086847e-01,-8.156897918948802229e-03,5.581804964558090623e-03,4.895848246395795300e-02,4.859071671962738037e-01,5.140928030014038086e-01,1.000000000000000000e+00
1.220679620109297037e-01,1.868845721237855917e-01,6.560974613837249926e-03,-2.419581228599652079e-01,7.665349245071411133e-01,2.334650605916976929e-01,0.000000000000000000e+00
1.258056534534054138e-01,-8.330480772999609984e-03,1.721812156637945318e-03,5.278706672826632973e-02,4.864211380481719971e-01,5.135788321495056152e-01,1.000000000000000000e+00
1.256390438379454133e-01,1.867667395486722337e-01,2.777553491203271947e-03,-2.393521174360763171e-01,7.679272890090942383e-01,2.320727258920669556e-01,0.000000000000000000e+00
1.293743786289188458e-01,-8.394780236585186461e-03,-2.009488857518254568e-03,5.420563269439748755e-02,4.898946285247802734e-01,5.101054310798645020e-01,1.000000000000000000e+00
1.292064830241871354e-01,1.867559264954431475e-01,-9.253762036303047819e-04,-2.391106257097781462e-01,7.713266015052795410e-01,2.286733686923980713e-01,0.000000000000000000e+00
1.329416015540960117e-01,-8.352792874555009517e-03,-5.707588717825867741e-03,5.328026747340169900e-02,4.963568449020385742e-01,5.036431550979614258e-01,1.000000000000000000e+00
1.327745456966049065e-01,1.868505306430673363e-01,-4.641983368357833518e-03,-2.411979704973864491e-01,7.767090201377868652e-01,2.232909500598907471e-01,0.000000000000000000e+00
1.365115563094662643e-01,-8.204804626319756045e-03,-9.465942778305563854e-03,5.001714191262529585e-02,5.059109926223754883e-01,4.940890371799468994e-01,0.000000000000000000e+00
1.363474602169398586e-01,-2.031897532260267536e-01,-8.465599940053056965e-03,3.396985157100565478e-01,2.253804206848144531e-01,7.746195793151855469e-01,1.000000000000000000e+00
1.322836651524193219e-01,-7.948375564119730674e-03,-1.671629625851925836e-03,4.435808668270363464e-02,5.029836297035217285e-01,4.970164000988006592e-01,0.000000000000000000e+00
1.321246976411369345e-01,-2.030463165315810892e-01,-7.844678921978530959e-04,3.365131303745692026e-01,2.213056832551956177e-01,7.786943316459655762e-01,1.000000000000000000e+00
1.280637713105053088e-01,-7.913210352968214067e-03,5.945794715293530909e-03,4.358292763219723254e-02,4.939458072185516357e-01,5.060542225837707520e-01,1.000000000000000000e+00
1.279055071034459479e-01,1.871229779900726864e-01,6.817453267937475386e-03,-2.472181302920641865e-01,7.719890475273132324e-01,2.280109524726867676e-01,0.000000000000000000e+00
1.316479666632474066e-01,-8.095672070976611678e-03,1.873090662096191239e-03,4.760735557970957599e-02,4.944570362567901611e-01,5.055429935455322266e-01,1.000000000000000000e+00
1.314860532218278810e-01,1.869993704077063945e-01,2.825237773690383002e-03,-2.444840064421938686e-01,7.734119296073913574e-01,2.265880852937698364e-01,0.000000000000000000e+00
1.352260406299820028e-01,-8.162819904586754438e-03,-2.064442355153494821e-03,4.908872949365306049e-02,4.980934262275695801e-01,5.019066333770751953e-01,1.000000000000000000e+00
1.350627842318902760e-01,1.869886726444451031e-01,-1.082667765280433689e-03,-2.442448311610410094e-01,7.769127488136291504e-01,2.230873256921768188e-01,0.000000000000000000e+00
1.388025576847791709e-01,-8.117797824891415104e-03,-5.967564388501253592e-03,4.809639875878352067e-02,5.048840045928955078e-01,4.951160252094268799e-01,0.000000000000000000e+00
1.386402017282813426e-01,-2.031536727302827028e-01,-5.005636413325582901e-03,3.388905484278235125e-01,2.237620949745178223e-01,7.762379646301269531e-01,1.000000000000000000e+00
1.345771282736756835e-01,-7.960853278464435911e-03,1.772174555230887801e-03,4.463333640406985658e-02,4.991814792156219482e-01,5.008184313774108887e-01,1.000000000000000000e+00
1.344179112081063943e-01,1.871356410288487482e-01,2.664841283312284915e-03,-2.474899264700755053e-01,7.766414284706115723e-01,2.233585864305496216e-01,0.000000000000000000e+00
1.381606240286833709e-01,-8.024267082483854674e-03,-2.284957246089225607e-03,4.603235867918992197e-02,5.030649900436401367e-01,4.969349801540374756e-01,0.000000000000000000e+00
1.380001386870337021e-01,-2.031133789798939548e-01,-1.364310072505427098e-03,3.379934857553254512e-01,2.215573340654373169e-01,7.784426808357238770e-01,1.000000000000000000e+00
1.339378711074358241e-01,-7.972040215840220378e-03,5.395559642601082881e-03,4.488064299089239428e-02,4.944430291652679443e-01,5.055569410324096680e-01,1.000000000000000000e+00
1.337784303031190336e-01,1.870721274177439830e-01,6.293172502418930767e-03,-2.460950630279000184e-01,7.724393606185913086e-01,2.275605946779251099e-01,0.000000000000000000e+00
1.375198728514739066e-01,-8.139137201901430752e-03,1.371271241860930017e-03,4.856621606078603826e-02,4.953339099884033203e-01,5.046660900115966797e-01,1.000000000000000000e+00
1.373570901074358808e-01,1.869631243174809387e-01,2.342595563076650678e-03,-2.436837474490728961e-01,7.741054892539978027e-01,2.258945256471633911e-01,0.000000000000000000e+00
1.410963525937855012e-01,-8.192208950094231890e-03,-2.531079385904807556e-03,4.973717169493663270e-02,4.993280172348022461e-01,5.006719827651977539e-01,1.000000000000000000e+00
1.409325084147836082e-01,1.869659439063718620e-01,-1.536335952006074885e-03,-2.437432564447273853e-01,7.778292298316955566e-01,2.221707552671432495e-01,0.000000000000000000e+00
1.446718272929110594e-01,-8.134029395527347939e-03,-6.411201080900623059e-03,4.845467554101584584e-02,5.064634680747985840e-01,4.935365319252014160e-01,0.000000000000000000e+00
1.445091467050005074e-01,-2.031634652568937438e-01,-5.442107570080305726e-03,3.391079368542548322e-01,2.249895632266998291e-01,7.750104665756225586e-01,1.000000000000000000e+00
1.404458773998626397e-01,-7.964501340215646152e-03,1.340051167004791162e-03,4.471385507824487959e-02,5.011097192764282227e-01,4.988902211189270020e-01,0.000000000000000000e+00
1.402865873730583246e-01,-2.031056425770171592e-01,2.234328268569688893e-03,3.378192790420285752e-01,2.193161696195602417e-01,7.806837558746337891e-01,1.000000000000000000e+00
1.362244745215179798e-01,-8.015557284924729187e-03,8.990713849410261749e-03,4.584177351786727916e-02,4.895783066749572754e-01,5.104216933250427246e-01,1.000000000000000000e+00
1.360641633758194746e-01,1.869763260528590765e-01,9.907549319767608095e-03,-2.439909959823610697e-01,7.680706977844238281e-01,2.319293022155761719e-01,0.000000000000000000e+00
1.398036898968766650e-01,-8.285726802210124919e-03,5.027729400120386355e-03,5.180048014055793626e-02,4.874625205993652344e-01,5.125374794006347656e-01,1.000000000000000000e+00
1.396379753608324725e-01,1.867637730335998669e-01,6.063739002931545045e-03,-2.392919255496279707e-01,7.676510810852050781e-01,2.323488593101501465e-01,0.000000000000000000e+00
1.433732508215044832e-01,-8.444275019352243117e-03,1.277900491938985424e-03,5.529749169488129557e-02,4.882719814777374268e-01,5.117279291152954102e-01,1.000000000000000000e+00
1.432043653211174383e-01,1.866593297563196308e-01,2.383850325836611456e-03,-2.369819738688034860e-01,7.692107558250427246e-01,2.307892739772796631e-01,0.000000000000000000e+00
1.469375519162438304e-01,-8.496597475514566788e-03,-2.355789151539458125e-03,5.645193654570118680e-02,4.919668734073638916e-01,5.080330967903137207e-01,1.000000000000000000e+00
1.467676199667335424e-01,1.866590525101538556e-01,-1.226750420625434415e-03,-2.369733275053952926e-01,7.727189660072326660e-01,2.272809743881225586e-01,0.000000000000000000e+00
1.505008010169366084e-01,-8.445351056235950171e-03,-5.966216970733339946e-03,5.532239309912395653e-02,4.985824227333068848e-01,5.014175772666931152e-01,1.000000000000000000e+00
1.503318939958118994e-01,1.867616361770946809e-01,-4.859769108750860642e-03,-2.392369337459234746e-01,7.781546115875244141e-01,2.218454182147979736e-01,0.000000000000000000e+00
1.540671267193537974e-01,-8.290554232442542970e-03,-9.644507783669330897e-03,5.190913041843875364e-02,5.082252025604248047e-01,4.917747378349304199e-01,0.000000000000000000e+00
1.539013156347049383e-01,-2.032728960010961039e-01,-8.606325175300555061e-03,3.415335994103982364e-01,2.271231710910797119e-01,7.728767991065979004e-01,1.000000000000000000e+00
1.498358577146830239e-01,-8.029561096449477908e-03,-1.775653187092589985e-03,4.614921470486960109e-02,5.053469538688659668e-01,4.946529865264892578e-01,0.000000000000000000e+00
1.496752664927540333e-01,-2.031260055843942813e-01,-8.526688929951979721e-04,3.382713783280727471e-01,2.230364680290222168e-01,7.769635319709777832e-01,1.000000000000000000e+00
1.456127463810661382e-01,-7.991931420938791497e-03,5.912758673566257187e-03,4.531968886204756908e-02,4.963066279888153076e-01,5.036934018135070801e-01,1.000000000000000000e+00
1.454529077526473535e-01,1.870447370928465525e-01,6.819152450807208603e-03,-2.454918590364264519e-01,7.734954953193664551e-01,2.265044748783111572e-01,0.000000000000000000e+00
1.491938024945042851e-01,-8.173942560848940220e-03,1.909315270078679877e-03,4.933416737889129156e-02,4.967462420463562012e-01,5.032536983489990234e-01,1.000000000000000000e+00
1.490303236432873046e-01,1.869205788437864335e-01,2.895998617656505691e-03,-2.427457429692949642e-01,7.748409509658813477e-01,2.251590788364410400e-01,0.000000000000000000e+00
1.527687352201630433e-01,-8.242618750714414411e-03,-1.958916241729393663e-03,5.084924822958558632e-02,5.002522468566894531e-01,4.997476935386657715e-01,0.000000000000000000e+00
1.526038828451487528e-01,-2.033364264792635878e-01,-9.419312771376819621e-04,3.429134773330227981e-01,2.196849435567855835e-01,7.803150415420532227e-01,1.000000000000000000e+00
1.485371543155634688e-01,-8.201087322754985198e-03,5.916338269522774043e-03,4.993367069183007878e-02,4.911046028137207031e-01,5.088954567909240723e-01,1.000000000000000000e+00
1.483731325691083625e-01,1.868355317977891394e-01,6.915011683359375584e-03,-2.408767445414261021e-01,7.698811888694763184e-01,2.301187813282012939e-01,0.000000000000000000e+00
1.521098432050641547e-01,-8.384513184821695830e-03,2.097476792530853472e-03,5.397931900883368161e-02,4.912863671779632568e-01,5.087136626243591309e-01,1.000000000000000000e+00
1.519421529413677308e-01,1.867073003972071488e-01,3.177063172707527035e-03,-2.380410999231016289e-01,7.710136175155639648e-01,2.289864420890808105e-01,0.000000000000000000e+00
1.556762989493118698e-01,-8.459894475050244722e-03,-1.583758825754505786e-03,5.564226991416498791e-02,4.943794310092926025e-01,5.056205987930297852e-01,1.000000000000000000e+00
1.555071010598108594e-01,1.866847295263614481e-01,-4.709134274712061061e-04,-2.375399238783700850e-01,7.741008400917053223e-01,2.258991599082946777e-01,0.000000000000000000e+00
1.592407956503380795e-01,-8.430490863767375886e-03,-5.221711905038607833e-03,5.499442571278034819e-02,5.004025697708129883e-01,4.995974004268646240e-01,0.000000000000000000e+00
1.590721858330627347e-01,-2.034771827286952217e-01,-4.121823390783000730e-03,3.460252985480135046e-01,2.206851541996002197e-01,7.793149352073669434e-01,1.000000000000000000e+00
1.550026421784888309e-01,-8.296843314219176646e-03,2.798682580177269327e-03,5.204546377898106035e-02,4.937136173248291016e-01,5.062863826751708984e-01,1.000000000000000000e+00
1.548367053122044479e-01,1.867848665023016941e-01,3.839591855756890534e-03,-2.397531433408174872e-01,7.724775671958923340e-01,2.275224775075912476e-01,0.000000000000000000e+00
1.585724026422504762e-01,-8.391723680698015553e-03,-9.554710110594591757e-04,5.413842113015254753e-02,4.963374435901641846e-01,5.036625862121582031e-01,1.000000000000000000e+00
1.584045681686365170e-01,1.867439146159362851e-01,1.272974115435916969e-04,-2.388458111411887463e-01,7.752491831779479980e-01,2.247508019208908081e-01,0.000000000000000000e+00
1.621394464609552388e-01,-8.379854918512480433e-03,-4.649618811280183117e-03,5.387726622794564157e-02,5.019270181655883789e-01,4.980729818344116211e-01,0.000000000000000000e+00
1.619718493625849909e-01,-2.034348293781876593e-01,-3.572073486721270320e-03,3.450895822545599345e-01,2.215777188539505005e-01,7.784222364425659180e-01,1.000000000000000000e+00
1.579031527750212327e-01,-8.262247063542366154e-03,3.329718158369928890e-03,5.128238916787636326e-02,4.948308467864990234e-01,5.051690936088562012e-01,1.000000000000000000e+00
1.577379078337503848e-01,1.868118017685778121e-01,4.355365941727456364e-03,-2.403481266593056054e-01,7.730801701545715332e-01,2.269198149442672729e-01,0.000000000000000000e+00
1.614741438691219277e-01,-8.372094610437974538e-03,-4.515965914586557786e-04,5.370541458860084161e-02,4.970602393150329590e-01,5.029397010803222656e-01,1.000000000000000000e+00
1.613067019769131583e-01,1.867563289816456251e-01,6.225117003133609755e-04,-2.391199603471089175e-01,7.755848765373229980e-01,2.244151234626770020e-01,0.000000000000000000e+00
1.650418285565460608e-01,-8.374509705323718300e-03,-4.159887506628817157e-03,5.375925939847198132e-02,5.022590160369873047e-01,4.977409243583679199e-01,0.000000000000000000e+00
1.648743383624395875e-01,-2.034365674824901438e-01,-3.084702318659377461e-03,3.451268110556711122e-01,2.216933071613311768e-01,7.783066630363464355e-01,1.000000000000000000e+00
1.608056070127897863e-01,-8.270871745904573302e-03,3.817833902454045164e-03,5.147275921430383150e-02,4.947682619094848633e-01,5.052316784858703613e-01,1.000000000000000000e+00
1.606401895778716837e-01,1.867961285058058474e-01,4.847289086740121447e-03,-2.400031682739535155e-01,7.728822827339172363e-01,2.271176427602767944e-01,0.000000000000000000e+00
1.643761121479878073e-01,-8.394730867428756849e-03,4.722572126105144957e-05,5.420477851910338041e-02,4.965857565402984619e-01,5.034141540527343750e-01,1.000000000000000000e+00
1.642082175306392444e-01,1.867265431696611688e-01,1.131321291643119179e-03,-2.384632478481062412e-01,7.751049995422363281e-01,2.248950004577636719e-01,0.000000000000000000e+00
1.679427483940324761e-01,-8.411551801005862083e-03,-3.637943665319005437e-03,5.457631568054727156e-02,5.013464093208312988e-01,4.986536204814910889e-01,0.000000000000000000e+00
1.677745173580123539e-01,-2.034811517142396664e-01,-2.546417351708059849e-03,3.461092262180380241e-01,2.209658473730087280e-01,7.790340781211853027e-01,1.000000000000000000e+00
1.637048943237275622e-01,-8.323071494254291602e-03,4.375767172652701188e-03,5.262440908427939990e-02,4.933829903602600098e-01,5.066170096397399902e-01,1.000000000000000000e+00
1.635384328938424836e-01,1.867358641631823579e-01,5.428255354338289498e-03,-2.386747218184324670e-01,7.717533111572265625e-01,2.282467484474182129e-01,0.000000000000000000e+00
1.672731501771061446e-01,-8.463212118253293781e-03,6.547609179696402965e-04,5.571547805543974885e-02,4.946784079074859619e-01,5.053215622901916504e-01,1.000000000000000000e+00
1.671038859347410699e-01,1.866493447366206482e-01,1.769070479078435317e-03,-2.367607947954444847e-01,7.736132740974426270e-01,2.263867259025573730e-01,0.000000000000000000e+00
1.708368728294734906e-01,-8.497836053963148117e-03,-2.966145416830454594e-03,5.647962478913221007e-02,4.988556802272796631e-01,5.011442899703979492e-01,1.000000000000000000e+00
1.706669161083942399e-01,1.866665189128217661e-01,-1.836552921047810262e-03,-2.371376653411003121e-01,7.773892283439636230e-01,2.226108163595199585e-01,0.000000000000000000e+00
1.744002464866506730e-01,-8.429146118133751253e-03,-6.579306227869816809e-03,5.496539241769377027e-02,5.059604048728942871e-01,4.940395653247833252e-01,0.000000000000000000e+00
1.742316635642879863e-01,-2.034561448613930179e-01,-5.479998379515941057e-03,3.455652568397806212e-01,2.249062061309814453e-01,7.750937342643737793e-01,1.000000000000000000e+00
1.701625406670601304e-01,-8.256671367152218499e-03,1.431306757279671507e-03,5.115933156368474011e-02,5.003986358642578125e-01,4.996013045310974121e-01,0.000000000000000000e+00
1.699974072397170965e-01,-2.033991166854537402e-01,2.454493388553366431e-03,3.442935037518262131e-01,2.190291881561279297e-01,7.809708118438720703e-01,1.000000000000000000e+00
3.635898619538278920e-02,-2.597494643552787988e-02,-1.870942928582827042e-02,3.104596589676855700e-02,5.213511586189270020e-01,4.786489009857177734e-01,0.000000000000000000e+00
3.583948726667222917e-02,-2.208236672077489582e-01,-1.808850996789290039e-02,3.177676432018137764e-01,2.381393909454345703e-01,7.618606090545654297e-01,1.000000000000000000e+00
3.142301392251724973e-02,-2.544881569768081553e-02,-1.173315710385662569e-02,1.943557683611640829e-02,5.268997550010681152e-01,4.731002449989318848e-01,0.000000000000000000e+00
3.091403760856363189e-02,-2.204005523444475256e-01,-1.134444556713429773e-02,3.083935841842713188e-01,2.401277720928192139e-01,7.598722577095031738e-01,1.000000000000000000e+00
2.650602656167468096e-02,-2.511881057890688607e-02,-5.176573883448871635e-03,1.215462492560098751e-02,5.273336768150329590e-01,4.726663529872894287e-01,0.000000000000000000e+00
2.600365035009654172e-02,-2.201661417901705775e-01,-4.933481384936851469e-03,3.031997958262178106e-01,2.385867536067962646e-01,7.614132761955261230e-01,1.000000000000000000e+00
2.160032751429313141e-02,-2.497422846614075209e-02,1.130514531587504916e-03,8.965051306459193015e-03,5.227581858634948730e-01,4.772417545318603516e-01,0.000000000000000000e+00
2.110084294497031540e-02,-2.201123745672976806e-01,1.309815557716688785e-03,3.020044546105537520e-01,2.335880249738693237e-01,7.664120197296142578e-01,1.000000000000000000e+00
1.669859545362436040e-02,-2.500911593991816950e-02,7.349904649927763503e-03,9.734903375127834657e-03,5.131387114524841309e-01,4.868613183498382568e-01,0.000000000000000000e+00
1.619841313482599590e-02,-2.202356994018036807e-01,7.544602717430320092e-03,3.047277213493977399e-01,2.252382636070251465e-01,7.747617363929748535e-01,1.000000000000000000e+00
1.179369914678992173e-02,-2.522207343727722595e-02,1.363915714441827493e-02,1.443369980158526467e-02,4.983158409595489502e-01,5.016841292381286621e-01,1.000000000000000000e+00
1.128925767804437805e-02,1.697016462595075104e-01,1.392783114044997966e-02,-2.739148965398904290e-01,7.736095190048217773e-01,2.263904660940170288e-01,0.000000000000000000e+00
1.468329060323452818e-02,-2.561623297429030388e-02,8.449533209652171015e-03,2.312815626140252157e-02,4.939116835594177246e-01,5.060883164405822754e-01,1.000000000000000000e+00
1.417096594374872218e-02,1.693835310971377461e-01,8.912096334880222070e-03,-2.668769152541308198e-01,7.719980478286743164e-01,2.280019521713256836e-01,0.000000000000000000e+00
1.755863656569147530e-02,-2.586447192239457737e-02,3.574558029797605604e-03,2.860358024322184889e-02,4.933132827281951904e-01,5.066868066787719727e-01,1.000000000000000000e+00
1.704134712724358208e-02,1.692060358160795697e-01,4.146629634662042305e-03,-2.629493941637789933e-01,7.729019522666931152e-01,2.270980328321456909e-01,0.000000000000000000e+00
2.042546784356517181e-02,-2.597485818188791096e-02,-1.112358248613537666e-03,3.103853542182744008e-02,4.964383840560913086e-01,5.035616755485534668e-01,1.000000000000000000e+00
1.990597067992741498e-02,1.691630271568752564e-01,-4.915875401769888948e-04,-2.619951447549253021e-01,7.762796878814697266e-01,2.237202823162078857e-01,0.000000000000000000e+00
2.328923122306492122e-02,-2.595190344924291903e-02,-5.731490435275495010e-03,3.053268905990347282e-02,5.033016204833984375e-01,4.966983497142791748e-01,0.000000000000000000e+00
2.277019315408006228e-02,-2.209911949188170244e-01,-5.120836654077425172e-03,3.214017720371219466e-01,2.220327705144882202e-01,7.779672145843505859e-01,1.000000000000000000e+00
1.835036925570372041e-02,-2.579669529221853552e-02,1.307198786665014247e-03,2.710834212676471733e-02,4.981429278850555420e-01,5.018570423126220703e-01,1.000000000000000000e+00
1.783443534985934900e-02,1.693064853481580923e-01,1.849365629200308558e-03,-2.651618624603560570e-01,7.767956852912902832e-01,2.232042998075485229e-01,0.000000000000000000e+00
2.122056505682251223e-02,-2.584181272473137780e-02,-3.453871620006813102e-03,2.810379725636363846e-02,5.032263994216918945e-01,4.967736005783081055e-01,0.000000000000000000e+00
2.070372880232788579e-02,-2.209140631539836530e-01,-2.891795674879540229e-03,3.196949913684084543e-01,2.213764190673828125e-01,7.786235809326171875e-01,1.000000000000000000e+00
1.628544753924821356e-02,-2.575104734814029350e-02,3.502104152488629170e-03,2.610150495076024590e-02,4.963174760341644287e-01,5.036824941635131836e-01,1.000000000000000000e+00
1.577042659228540880e-02,1.693205062509002545e-01,4.024134251503833776e-03,-2.654744145580049675e-01,7.749756574630737305e-01,2.250243425369262695e-01,0.000000000000000000e+00
1.915683671730341459e-02,-2.585864836329340721e-02,-1.285354039656265955e-03,2.847503914518673129e-02,4.996429681777954102e-01,5.003570318222045898e-01,1.000000000000000000e+00
1.863966375003754672e-02,1.692817120869681280e-01,-7.158532567525313639e-04,-2.646131537151768520e-01,7.784906625747680664e-01,2.215093374252319336e-01,0.000000000000000000e+00
2.202529799177690983e-02,-2.583001433843126748e-02,-6.008116331056068821e-03,2.784390009526421794e-02,5.067929029464721680e-01,4.932070970535278320e-01,0.000000000000000000e+00
2.150869770500828462e-02,-2.208652918591608172e-01,-5.451238329150784497e-03,3.186251606090352850e-01,2.244721502065658569e-01,7.755278348922729492e-01,1.000000000000000000e+00
1.709139186782506620e-02,-2.566612779861493499e-02,9.212648830299215164e-04,2.422810877979209021e-02,5.020138025283813477e-01,4.979862570762634277e-01,0.000000000000000000e+00
1.657806931185276667e-02,-2.208012786513694758e-01,1.405827058625763216e-03,3.172015626835864022e-01,2.194094359874725342e-01,7.805905938148498535e-01,1.000000000000000000e+00
1.216204373882537673e-02,-2.569937923665305268e-02,7.749858312297491780e-03,2.496231577274621305e-02,4.916991889476776123e-01,5.083007812500000000e-01,1.000000000000000000e+00
1.164805615409231568e-02,1.693105798502288761e-01,8.249104627752416180e-03,-2.652654030970926780e-01,7.706677317619323730e-01,2.293322682380676270e-01,0.000000000000000000e+00
1.503426775109689348e-02,-2.592813185282363819e-02,2.943796565810562725e-03,3.000790960639510008e-02,4.915772676467895508e-01,5.084227919578552246e-01,1.000000000000000000e+00
1.451570511404042148e-02,1.691514801477365937e-01,3.543954757938464796e-03,-2.617447655441399457e-01,7.718839049339294434e-01,2.281161099672317505e-01,0.000000000000000000e+00
1.789873471699515370e-02,-2.602087990670318152e-02,-1.690940552944334568e-03,3.205385658993109566e-02,4.951455295085906982e-01,5.048544406890869141e-01,1.000000000000000000e+00
1.737831711886108840e-02,1.691252793060951665e-01,-1.049863421145712759e-03,-2.611621000318972707e-01,7.755602002143859863e-01,2.244398444890975952e-01,0.000000000000000000e+00
2.076082270498299034e-02,-2.598166947140950755e-02,-6.273105421783658521e-03,3.118950205816806154e-02,5.024309158325195312e-01,4.975690543651580811e-01,0.000000000000000000e+00
2.024118931555480075e-02,-2.210131019258350926e-01,-5.649315380620297672e-03,3.218866137247166082e-01,2.215880602598190308e-01,7.784119844436645508e-01,1.000000000000000000e+00
1.582092727703809931e-02,-2.581115986796647666e-02,7.884168938740348034e-04,2.742748310607695528e-02,4.976829588413238525e-01,5.023170113563537598e-01,1.000000000000000000e+00
1.530470407967876936e-02,1.692994760086083406e-01,1.336966555995573996e-03,-2.650065852052511661e-01,7.766260504722595215e-01,2.233739495277404785e-01,0.000000000000000000e+00
1.869069359985093756e-02,-2.584153211925654947e-02,-3.963165148109449448e-03,2.809773342902344151e-02,5.031781792640686035e-01,4.968218505382537842e-01,0.000000000000000000e+00
1.817386295746580699e-02,-2.209064252175862719e-01,-3.401210479528980757e-03,3.195276077100414613e-01,2.214774042367935181e-01,7.785226702690124512e-01,1.000000000000000000e+00
1.375573445311408134e-02,-2.573620002708165710e-02,2.989341674671848297e-03,2.577400930056289452e-02,4.966903030872344971e-01,5.033097267150878906e-01,1.000000000000000000e+00
1.324101045257244751e-02,1.693427542959105303e-01,3.504821860683106360e-03,-2.659642495983989829e-01,7.753699421882629395e-01,2.246300131082534790e-01,0.000000000000000000e+00
1.662786553849065693e-02,-2.582904349107420505e-02,-1.814463131284873264e-03,2.782206451636659583e-02,5.004585981369018555e-01,4.995413720607757568e-01,0.000000000000000000e+00
1.611128466866917214e-02,-2.209249270831349921e-01,-1.258021840957541243e-03,3.199319563045161519e-01,2.190862298011779785e-01,7.809137105941772461e-01,1.000000000000000000e+00
1.169278612700647146e-02,-2.578508223187891968e-02,5.140617285132782072e-03,2.685256232793009623e-02,4.922071993350982666e-01,5.077927708625793457e-01,1.000000000000000000e+00
1.117708448236889342e-02,1.692627727856475528e-01,5.677668531691383927e-03,-2.642040196383992345e-01,7.717280387878417969e-01,2.282719314098358154e-01,0.000000000000000000e+00
1.456233993808184538e-02,-2.593975568105363894e-02,3.935881389233990973e-04,3.026427925463154311e-02,4.941365718841552734e-01,5.058633685111999512e-01,1.000000000000000000e+00
1.404354482446077204e-02,1.691765490492093127e-01,9.988737240160300204e-04,-2.622944402615697279e-01,7.743233442306518555e-01,2.256766259670257568e-01,0.000000000000000000e+00
1.742707580544495746e-02,-2.595964618087687192e-02,-4.247015081215364113e-03,3.070337538693157509e-02,4.997995197772979736e-01,5.002004504203796387e-01,1.000000000000000000e+00
1.690788288182741919e-02,1.692229512130571101e-01,-3.632947573476732334e-03,-2.633164989867716743e-01,7.793746590614318848e-01,2.206253707408905029e-01,0.000000000000000000e+00
2.029234190608856028e-02,-2.584695604443479344e-02,-8.899277553212165889e-03,2.821834671992695664e-02,5.092732906341552734e-01,4.907267093658447266e-01,0.000000000000000000e+00
1.977540278519986441e-02,-2.208401623135020642e-01,-8.334910618813626271e-03,3.180802209559221438e-01,2.269474267959594727e-01,7.730525135993957520e-01,1.000000000000000000e+00
1.535859953892982320e-02,-2.560049694575333712e-02,-1.973306199695183324e-03,2.278046007825812458e-02,5.068668127059936523e-01,4.931332468986511230e-01,0.000000000000000000e+00
1.484658960001475694e-02,-2.206940935526976177e-01,-1.517696998130020711e-03,3.148401335809785095e-01,2.234414070844650269e-01,7.765585780143737793e-01,1.000000000000000000e+00
1.043270772896080431e-02,-2.555055603177436296e-02,4.779105673489549358e-03,2.167896167420602094e-02,4.990283250808715820e-01,5.009716749191284180e-01,1.000000000000000000e+00
9.921696608325317884e-03,1.695025330815416453e-01,5.212684906973670193e-03,-2.694922790450394734e-01,7.764823436737060547e-01,2.235176563262939453e-01,0.000000000000000000e+00
1.331174726995614996e-02,-2.569341688667275969e-02,-1.771606739271189626e-04,2.483019042806022814e-02,5.015463232994079590e-01,4.984536468982696533e-01,0.000000000000000000e+00
1.279787893222269525e-02,-2.208128270213792765e-01,3.194431346340856565e-04,3.174572157992585075e-01,2.193828672170639038e-01,7.806170582771301270e-01,1.000000000000000000e+00
8.381622391795108540e-03,-2.569542713246658616e-02,6.668587450619256445e-03,2.487504717878219473e-02,4.921057522296905518e-01,5.078942775726318359e-01,1.000000000000000000e+00
7.867713849145776400e-03,1.693302590590526069e-01,7.166088394194899958e-03,-2.656964273503902851e-01,7.712478637695312500e-01,2.287521213293075562e-01,0.000000000000000000e+00
1.125431903032682833e-02,-2.589323374811980383e-02,1.852159847187093838e-03,2.923810489045486349e-02,4.928830265998840332e-01,5.071169734001159668e-01,1.000000000000000000e+00
1.073645435536443177e-02,1.692021074229871913e-01,2.436921944996190987e-03,-2.628598702272584298e-01,7.730801701545715332e-01,2.269197702407836914e-01,0.000000000000000000e+00
1.412049650382417657e-02,-2.595454361076512950e-02,-2.820275459548977990e-03,3.059069145021503511e-02,4.973979890346527100e-01,5.026019811630249023e-01,1.000000000000000000e+00
1.360140563160887328e-02,1.692077381132965630e-01,-2.208461630544677340e-03,-2.629807267887624422e-01,7.773899435997009277e-01,2.226101160049438477e-01,0.000000000000000000e+00
1.698556039387480454e-02,-2.588262002394303707e-02,-7.468076166319926289e-03,2.900480958974349655e-02,5.057001709938049316e-01,4.942998588085174561e-01,0.000000000000000000e+00
1.646790799339594227e-02,-2.208966823978663618e-01,-6.887979974525056809e-03,3.193221519377580364e-01,2.241181433200836182e-01,7.758818268775939941e-01,1.000000000000000000e+00
1.204997434543861497e-02,-2.567731349792032325e-02,-5.015369357698959418e-04,2.447499499085109553e-02,5.020629763603210449e-01,4.979369938373565674e-01,0.000000000000000000e+00
1.153642807548020850e-02,-2.207920686469808103e-01,-1.203703595287403984e-05,3.169996390522365481e-01,2.198133468627929688e-01,7.801866531372070312e-01,1.000000000000000000e+00
7.120586702540592471e-03,-2.566994598091135171e-02,6.327955745091857695e-03,2.431291618576575386e-02,4.929101467132568359e-01,5.070898532867431641e-01,1.000000000000000000e+00
6.607187782922365436e-03,1.693606877370302799e-01,6.814214068807172495e-03,-2.663667706254963519e-01,7.718957662582397461e-01,2.281042486429214478e-01,0.000000000000000000e+00
9.994401537662971416e-03,-2.585785131863649333e-02,1.486878656297245353e-03,2.845760290460525033e-02,4.940006732940673828e-01,5.059993267059326172e-01,1.000000000000000000e+00
9.477244511290242035e-03,1.692427455305030026e-01,2.056030714389350117e-03,-2.637558267077946272e-01,7.739444971084594727e-01,2.260555028915405273e-01,0.000000000000000000e+00
1.286209942190030125e-02,-2.590849218918989116e-02,-3.219085819766542844e-03,2.957488375951328186e-02,4.988618195056915283e-01,5.011381506919860840e-01,1.000000000000000000e+00
1.234392957811650260e-02,1.692594743837093074e-01,-2.627588144576277311e-03,-2.641219588746058777e-01,7.784825563430786133e-01,2.215174585580825806e-01,0.000000000000000000e+00
1.572911906579068861e-02,-2.582487382684661714e-02,-7.910027322068394554e-03,2.773104323736969024e-02,5.075508356094360352e-01,4.924492239952087402e-01,0.000000000000000000e+00
1.521262158925375599e-02,-2.208325015827967697e-01,-7.355406457321000610e-03,3.179078101314831706e-01,2.254981845617294312e-01,7.745018601417541504e-01,1.000000000000000000e+00
1.079597155759782004e-02,-2.560656493828977753e-02,-9.972502546913373372e-04,2.291435671549862940e-02,5.043508410453796387e-01,4.956491291522979736e-01,0.000000000000000000e+00
1.028384025883202421e-02,-2.207142004523338641e-01,-5.389631203813647579e-04,3.152824729332058817e-01,2.214805781841278076e-01,7.785194516181945801e-01,1.000000000000000000e+00
5.869556249785346652e-03,-2.558457612974390782e-02,5.766686338282753406e-03,2.242962381072138855e-02,4.956949651241302490e-01,5.043050646781921387e-01,1.000000000000000000e+00
5.357864727190468808e-03,1.694542024560068971e-01,6.215278814497180934e-03,-2.684282832317502754e-01,7.739570736885070801e-01,2.260429114103317261e-01,0.000000000000000000e+00
8.746948776310606993e-03,-2.575589398672964436e-02,8.467131498621754265e-04,2.620848597818375980e-02,4.973551034927368164e-01,5.026448369026184082e-01,1.000000000000000000e+00
8.231830896576013828e-03,1.693539044653071535e-01,1.370882869425850675e-03,-2.662071731545129216e-01,7.763981223106384277e-01,2.236019372940063477e-01,0.000000000000000000e+00
1.161890898588215787e-02,-2.578758558215049623e-02,-3.953260593664407671e-03,2.690782630413218746e-02,5.028721690177917480e-01,4.971278607845306396e-01,0.000000000000000000e+00
1.110315727423914767e-02,-2.208526215807254944e-01,-3.415104067581763939e-03,3.183408383210928339e-01,2.212663739919662476e-01,7.787336111068725586e-01,1.000000000000000000e+00
6.686104842624637605e-03,-2.568219735477181298e-02,2.951712698840092564e-03,2.458287053140451039e-02,4.964402616024017334e-01,5.035597681999206543e-01,1.000000000000000000e+00
6.172460895529201415e-03,1.693972996068446035e-01,3.443370109468182633e-03,-2.671672979002563952e-01,7.752190232276916504e-01,2.247810065746307373e-01,0.000000000000000000e+00
9.560406887666093867e-03,-2.577362507791844393e-02,-1.899975848536945063e-03,2.659970236361824947e-02,5.003078579902648926e-01,4.996920824050903320e-01,0.000000000000000000e+00
9.044934386107724919e-03,-2.208682777082475179e-01,-1.367981801264580178e-03,3.186825605405357309e-01,2.190059423446655273e-01,7.809940576553344727e-01,1.000000000000000000e+00
4.627568831942774526e-03,-2.572686991461378692e-02,5.005669409546133902e-03,2.556853621285898326e-02,4.921930730342864990e-01,5.078068971633911133e-01,1.000000000000000000e+00
4.113031433650498822e-03,1.693229394669705790e-01,5.517040133803313880e-03,-2.655308517243584188e-01,7.717638015747070312e-01,2.282362133264541626e-01,0.000000000000000000e+00
7.499490222989910540e-03,-2.587731834169951228e-02,2.064230993161454350e-04,2.888708048109056570e-02,4.943071007728576660e-01,5.056928396224975586e-01,1.000000000000000000e+00
6.981943856155920468e-03,1.692416720282712006e-01,7.841647089379567967e-04,-2.637307104475099528e-01,7.744991183280944824e-01,2.255008220672607422e-01,0.000000000000000000e+00
1.036677729672134431e-02,-2.589146326493635408e-02,-4.490449500012243071e-03,2.919944690049114389e-02,5.002037286758422852e-01,4.997962415218353271e-01,0.000000000000000000e+00
9.848948031422617710e-03,-2.209487316777676014e-01,-3.906460562002419916e-03,3.204622119373723432e-01,2.196171134710311890e-01,7.803828716278076172e-01,1.000000000000000000e+00
5.429973397867265440e-03,-2.577136599643903292e-02,2.502783676745026949e-03,2.654990079690594529e-02,4.940880537033081055e-01,5.059119462966918945e-01,1.000000000000000000e+00
4.914546077938484331e-03,1.693146040988541545e-01,3.033781692683145802e-03,-2.653423202106547363e-01,7.737373113632202148e-01,2.262627035379409790e-01,0.000000000000000000e+00
8.300838159915568254e-03,-2.585051590102618868e-02,-2.273064711529949097e-03,2.829594303951149525e-02,4.982169568538665771e-01,5.017830133438110352e-01,1.000000000000000000e+00
7.783827841895044237e-03,1.693039587250152189e-01,-1.707145850739719313e-03,-2.651032931030867790e-01,7.778055667877197266e-01,2.221944928169250488e-01,0.000000000000000000e+00
1.116990701639534837e-02,-2.579358502023676447e-02,-7.009211712801454580e-03,2.704069544211323839e-02,5.061969161033630371e-01,4.938031136989593506e-01,0.000000000000000000e+00
1.065403531599061308e-02,-2.208143211281268226e-01,-6.468397803959189882e-03,3.175039223757510909e-01,2.243317067623138428e-01,7.756683230400085449e-01,1.000000000000000000e+00
6.237748893428076737e-03,-2.560084000116291669e-02,-1.183193564441679946e-04,2.278813079480851433e-02,5.022881031036376953e-01,4.977119266986846924e-01,0.000000000000000000e+00
5.725732093404818472e-03,-2.207210942080420346e-01,3.374432594520022964e-04,3.154337241657286794e-01,2.198631614446640015e-01,7.801367640495300293e-01,1.000000000000000000e+00
1.311310209243977606e-03,-2.560395128782858021e-02,6.646117742766575673e-03,2.285723476499673668e-02,4.929102659225463867e-01,5.070897936820983887e-01,1.000000000000000000e+00
7.992311834874060066e-04,1.694220607536891521e-01,7.103262438066510094e-03,-2.677213782362506400e-01,7.718156576156616211e-01,2.281843423843383789e-01,0.000000000000000000e+00
4.187672398561189183e-03,-2.580054077942978141e-02,1.748834873341497537e-03,2.719347802643234946e-02,4.938200712203979492e-01,5.061799883842468262e-01,1.000000000000000000e+00
3.671661582972593485e-03,1.692962872414564557e-01,2.292704433870144682e-03,-2.649371592978036483e-01,7.737576961517333984e-01,2.262423187494277954e-01,0.000000000000000000e+00
7.057587327801722113e-03,-2.585831253548209752e-02,-3.006038752085928630e-03,2.846802550928978492e-02,4.985366165637969971e-01,5.014633536338806152e-01,1.000000000000000000e+00
6.540421077092080371e-03,1.693066180015589950e-01,-2.436678241900133018e-03,-2.651618216872707046e-01,7.782149314880371094e-01,2.217851281166076660e-01,0.000000000000000000e+00
9.926553437123260618e-03,-2.578047021613472101e-02,-7.739914675645546971e-03,2.675155921280686355e-02,5.071133375167846680e-01,4.928866922855377197e-01,0.000000000000000000e+00
9.410944032800565295e-03,-2.207905747819113029e-01,-7.204883491389409665e-03,3.169824421629828248e-01,2.251528501510620117e-01,7.748470902442932129e-01,1.000000000000000000e+00
4.995132537162339133e-03,-2.556674634296204895e-02,-8.652346481297533073e-04,2.203608265393514065e-02,5.038255453109741211e-01,4.961744844913482666e-01,0.000000000000000000e+00
4.483797610303098292e-03,-2.206762785598334053e-01,-4.245129950510504986e-04,3.144458924756555751e-01,2.210921645164489746e-01,7.789078950881958008e-01,1.000000000000000000e+00
7.027203910643046308e-05,-2.554828272693687730e-02,5.864404854462061147e-03,2.162911828271379955e-02,4.951073825359344482e-01,5.048925280570983887e-01,1.000000000000000000e+00
-4.406936154323071436e-04,1.694890781570106975e-01,6.296987220116337033e-03,-2.691977672297771740e-01,7.735348343849182129e-01,2.264651358127593994e-01,0.000000000000000000e+00
2.949087947707906485e-03,-2.572216712098071567e-02,9.130318755207937967e-04,2.546459732013950372e-02,4.967326223850250244e-01,5.032674074172973633e-01,1.000000000000000000e+00
2.434644605288292275e-03,1.693866785691077459e-01,1.422323821923583958e-03,-2.669301178948624842e-01,7.759646773338317871e-01,2.240352779626846313e-01,0.000000000000000000e+00
5.822378176670446950e-03,-2.575554307092903228e-02,-3.916278535973665223e-03,2.620108154762157415e-02,5.022378563880920410e-01,4.977621734142303467e-01,0.000000000000000000e+00
5.307267315251866339e-03,-2.208211134136443543e-01,-3.392256905021233913e-03,3.176458102929179406e-01,2.208297252655029297e-01,7.791702747344970703e-01,1.000000000000000000e+00
8.908450469789792187e-04,-2.565101089875415630e-02,2.960659300837125210e-03,2.389501932799764639e-02,4.958129525184631348e-01,5.041870474815368652e-01,1.000000000000000000e+00
3.778248290038960407e-04,1.694283569117465416e-01,3.438559687397078381e-03,-2.678523173492150522e-01,7.747955322265625000e-01,2.252044826745986938e-01,0.000000000000000000e+00
3.766391967238826802e-03,-2.574249836447500828e-02,-1.918486659587223010e-03,2.591316939258525576e-02,4.997129440307617188e-01,5.002870559692382812e-01,1.000000000000000000e+00
3.251541999949326620e-03,1.694069128810136993e-01,-1.400223271735517904e-03,-2.673744435088503679e-01,7.787232995033264160e-01,2.212767750024795532e-01,0.000000000000000000e+00
6.639680257569601299e-03,-2.569502678372159732e-02,-6.747712141912525462e-03,2.486651358959335312e-02,5.075342059135437012e-01,4.924657046794891357e-01,0.000000000000000000e+00
6.125779721895169110e-03,-2.207195632141053521e-01,-6.250381870120658850e-03,3.154128461079723222e-01,2.251733094453811646e-01,7.748266458511352539e-01,1.000000000000000000e+00
1.711388457613062346e-03,-2.550913937442134127e-02,5.787505203878797605e-05,2.076532977933670532e-02,5.035294890403747559e-01,4.964704811573028564e-01,0.000000000000000000e+00
1.201205670124635364e-03,-2.206319205347040679e-01,4.731816476255220933e-04,3.134665162948747641e-01,2.206507474184036255e-01,7.793492078781127930e-01,1.000000000000000000e+00
-3.211432740569445787e-03,-2.551671326665022610e-02,6.742511973523017919e-03,2.093285355685264859e-02,4.941172003746032715e-01,5.058828592300415039e-01,1.000000000000000000e+00
-3.721767005902450361e-03,1.695078975475358962e-01,7.161169044660070995e-03,-2.696151296102823891e-01,7.726221084594726562e-01,2.273778617382049561e-01,0.000000000000000000e+00
-3.316090549517324709e-04,-2.571551140642472366e-02,1.768866452454422901e-03,2.531784092185768165e-02,4.950556159019470215e-01,5.049443840980529785e-01,1.000000000000000000e+00
-8.459192830802270005e-04,1.693810281727136657e-01,2.275223270891576360e-03,-2.668064641546491478e-01,7.745995521545410156e-01,2.254004180431365967e-01,0.000000000000000000e+00
2.541701280374046405e-03,-2.577332103244911465e-02,-3.060906012201406942e-03,2.659321703494726963e-02,4.998618662357330322e-01,5.001381635665893555e-01,1.000000000000000000e+00
2.026234859725064164e-03,1.693923918776946980e-01,-2.529041671502461376e-03,-2.670538858917138603e-01,7.791237235069274902e-01,2.208762764930725098e-01,0.000000000000000000e+00
5.414082697278958280e-03,-2.569337400346874412e-02,-7.870119389336738269e-03,2.483028963773176168e-02,5.085900425910949707e-01,4.914100170135498047e-01,0.000000000000000000e+00
4.900215217209583085e-03,-2.207015818085693859e-01,-7.373513596582103105e-03,3.150197512496712982e-01,2.261986732482910156e-01,7.738012671470642090e-01,1.000000000000000000e+00
4.861835810381952630e-04,-2.547537795592058618e-02,-1.073118571588677073e-03,2.002061272729821484e-02,5.055166482925415039e-01,4.944833815097808838e-01,0.000000000000000000e+00
-2.332397808021643461e-05,-2.205819230760542593e-01,-6.727063170427127411e-04,3.123647650969173517e-01,2.222890704870223999e-01,7.777109146118164062e-01,1.000000000000000000e+00
-4.434962439601301300e-03,-2.545039476387656041e-02,5.574588984895634779e-03,1.946976321406190813e-02,4.970819056034088135e-01,5.029180645942687988e-01,1.000000000000000000e+00
-4.943970334878832786e-03,1.695911689175874926e-01,5.963984249176873011e-03,-2.714491158069860521e-01,7.749624252319335938e-01,2.250375896692276001e-01,0.000000000000000000e+00
-1.552146956527082709e-03,-2.561537576067382527e-02,5.350019330371521067e-04,2.310889470855070904e-02,4.990684688091278076e-01,5.009315013885498047e-01,1.000000000000000000e+00
-2.064454471740559231e-03,1.694988989420224412e-01,9.971798272081662789e-04,-2.694051848994451492e-01,7.776475548744201660e-01,2.223524004220962524e-01,0.000000000000000000e+00
1.325523507099889749e-03,-2.563726847896316552e-02,-4.390923870780736281e-03,2.359209152484492700e-02,5.050193071365356445e-01,4.949806332588195801e-01,0.000000000000000000e+00
8.127781375206264000e-04,-2.206959754413837516e-01,-3.919082040283837845e-03,3.148864039232521228e-01,2.228335440158843994e-01,7.771664261817932129e-01,1.000000000000000000e+00
-3.601141371307048453e-03,-2.551841788543335321e-02,2.378646038181204611e-03,2.097010874505578215e-02,4.991322159767150879e-01,5.008677840232849121e-01,1.000000000000000000e+00
-4.111509729015715153e-03,1.695693404525402403e-01,2.798048213082320046e-03,-2.709613796379177209e-01,7.772036790847778320e-01,2.227963507175445557e-01,0.000000000000000000e+00
-7.201229199649103636e-04,-2.559242644164061442e-02,-2.621179379676034059e-03,2.260274985344029597e-02,5.036783814430236816e-01,4.963216483592987061e-01,0.000000000000000000e+00
-1.231971448797722617e-03,-2.206766895180139743e-01,-2.169124382607228157e-03,3.144575133566699376e-01,2.214586138725280762e-01,7.785414457321166992e-01,1.000000000000000000e+00
-5.645505239158002744e-03,-2.552390642337906690e-02,4.120025884526170440e-03,2.109130530615815902e-02,4.963803887367248535e-01,5.036195516586303711e-01,1.000000000000000000e+00
-6.155983367625583909e-03,1.695387177771923437e-01,4.541851990649333794e-03,-2.702888634805549195e-01,7.748758792877197266e-01,2.251241505146026611e-01,0.000000000000000000e+00
-2.765209012081736896e-03,-2.564775102312649713e-02,-8.639252789617649086e-04,2.382311982822987728e-02,4.994797408580780029e-01,5.005202889442443848e-01,1.000000000000000000e+00
-3.278164032544266838e-03,1.694865790079331802e-01,-3.874628823971673630e-04,-2.691322599874337862e-01,7.782942056655883789e-01,2.217058241367340088e-01,0.000000000000000000e+00
1.115675476143968871e-04,-2.562984066431228669e-02,-5.770108082145843434e-03,2.342843346710715702e-02,5.065478682518005371e-01,4.934521317481994629e-01,0.000000000000000000e+00
-4.010292656718488988e-04,-2.206685698768035553e-01,-5.301539412803700155e-03,3.142852547004888475e-01,2.242404669523239136e-01,7.757595777511596680e-01,1.000000000000000000e+00
-4.814400663207919935e-03,-2.547150056525221418e-02,9.841656812060771767e-04,1.993512014097237328e-02,5.018119215965270996e-01,4.981881082057952881e-01,0.000000000000000000e+00
-5.323830674512964461e-03,-2.206075519405341079e-01,1.382868084025524590e-03,3.129284001135091420e-01,2.192593067884445190e-01,7.807406783103942871e-01,1.000000000000000000e+00
-9.735981713323647868e-03,-2.550532823430801121e-02,7.641436086295708141e-03,2.068190746526760160e-02,4.916773140430450439e-01,5.083226561546325684e-01,1.000000000000000000e+00
-1.024608827800980830e-02,1.695062078832229313e-01,8.055074235601060104e-03,-2.695802961379860085e-01,7.707029581069946289e-01,2.292969822883605957e-01,0.000000000000000000e+00
-6.855964120345349119e-03,-2.572976189775541545e-02,2.663468312841340072e-03,2.563232400013942813e-02,4.918874800205230713e-01,5.081125497817993164e-01,1.000000000000000000e+00
-7.370559358300457498e-03,1.693538919129455034e-01,3.176114792844128738e-03,-2.662090600065316615e-01,7.721964716911315918e-01,2.278034985065460205e-01,0.000000000000000000e+00
-3.983481520041546806e-03,-2.581324548474833724e-02,-2.148066407286504560e-03,2.747394567899480444e-02,4.959370791912078857e-01,5.040628910064697266e-01,1.000000000000000000e+00
-4.499746429736513516e-03,1.693394445858870667e-01,-1.598587493706608419e-03,-2.658859451117034367e-01,7.762430310249328613e-01,2.237569540739059448e-01,0.000000000000000000e+00
-1.112957538018772251e-03,-2.575965436398919284e-02,-6.916306395940676616e-03,2.629234486104065072e-02,5.038632750511169434e-01,4.961367547512054443e-01,0.000000000000000000e+00
-1.628150625298556073e-03,-2.207817408616216948e-01,-6.390459498719863393e-03,3.167851000621120239e-01,2.227255403995513916e-01,7.772744894027709961e-01,1.000000000000000000e+00
-6.043785442530990454e-03,-2.556935256576545190e-02,-5.475749747762236053e-05,2.209371435165130571e-02,4.999154508113861084e-01,5.000845789909362793e-01,1.000000000000000000e+00
-6.555172493846299527e-03,1.695533838875061816e-01,3.871167895554037622e-04,-2.706064885937169984e-01,7.783756852149963379e-01,2.216242849826812744e-01,0.000000000000000000e+00
-3.164104816096175929e-03,-2.557408935676072637e-02,-5.025012982318936838e-03,2.219851167470443531e-02,5.064119696617126465e-01,4.935880303382873535e-01,0.000000000000000000e+00
-3.675586603231390404e-03,-2.206236177917150765e-01,-4.581042748824848063e-03,3.132917628745217620e-01,2.239502519369125366e-01,7.760497331619262695e-01,1.000000000000000000e+00
-8.088058959065691847e-03,-2.543670702198319589e-02,1.684792508665587142e-03,1.916764699458450849e-02,5.011268854141235352e-01,4.988732039928436279e-01,0.000000000000000000e+00
-8.596793099505355487e-03,-2.205827794507857209e-01,2.068145448557277225e-03,3.123816689557296633e-01,2.186209410429000854e-01,7.813790440559387207e-01,1.000000000000000000e+00
-1.300844868852106886e-02,-2.549035254456941124e-02,8.315778827671871376e-03,2.035168876534926286e-02,4.904543757438659668e-01,5.095455646514892578e-01,1.000000000000000000e+00
-1.351825573941245646e-02,1.695113604259687601e-01,8.722812602978856009e-03,-2.696959563561601159e-01,7.696744799613952637e-01,2.303255796432495117e-01,0.000000000000000000e+00
-1.012802853089308022e-02,-2.573397639023550232e-02,3.328893475855653795e-03,2.572538153178210996e-02,4.901259839534759521e-01,5.098740458488464355e-01,1.000000000000000000e+00
-1.064270805869779041e-02,1.693400779532859834e-01,3.843401106491296012e-03,-2.659053858211689048e-01,7.708051800727844238e-01,2.291947752237319946e-01,0.000000000000000000e+00
-7.255906499632071294e-03,-2.583651664098240985e-02,-1.474706609932081944e-03,2.798730089402451382e-02,4.936202466487884521e-01,5.063796639442443848e-01,1.000000000000000000e+00
-7.772636832451719838e-03,1.693065518189627028e-01,-9.149605920515917071e-04,-2.651605470901773898e-01,7.744918465614318848e-01,2.255081236362457275e-01,0.000000000000000000e+00
-4.386505796072465505e-03,-2.580232834453549673e-02,-6.218171533855139550e-03,2.723365227657598142e-02,5.009613037109375000e-01,4.990386962890625000e-01,0.000000000000000000e+00
-4.902552362963175266e-03,-2.208345569055599755e-01,-5.673498488323620165e-03,3.179482086994420142e-01,2.205846607685089111e-01,7.794153094291687012e-01,1.000000000000000000e+00
-9.319243501074374325e-03,-2.563226045697145072e-02,6.854656856652204672e-04,2.348147687110735404e-02,4.963815212249755859e-01,5.036184787750244141e-01,1.000000000000000000e+00
-9.831888710213803131e-03,1.694798538453014258e-01,1.155095223087367669e-03,-2.689850989294981232e-01,7.757951021194458008e-01,2.242049276828765869e-01,0.000000000000000000e+00
-6.442291633307774441e-03,-2.565856252829243345e-02,-4.224606755502595054e-03,2.406192827914577226e-02,5.021889805793762207e-01,4.978110194206237793e-01,0.000000000000000000e+00
-6.955462883873622659e-03,-2.207196750829134302e-01,-3.743368189919679765e-03,3.154089554373602500e-01,2.208834439516067505e-01,7.791165709495544434e-01,1.000000000000000000e+00
-1.136985638553189223e-02,-2.554460242134815040e-02,2.564810918827525616e-03,2.154784997781311606e-02,4.961352944374084473e-01,5.038647055625915527e-01,1.000000000000000000e+00
-1.188074843395885496e-02,1.695404730781263913e-01,2.995767918383788163e-03,-2.703247471989806416e-01,7.751275897026062012e-01,2.248724251985549927e-01,0.000000000000000000e+00
-8.489938972396327346e-03,-2.562409984267707830e-02,-2.410727025595824601e-03,2.330155298710057110e-02,5.004968047142028809e-01,4.995032250881195068e-01,0.000000000000000000e+00
-9.002420969249868427e-03,-2.207113961610683295e-01,-1.944695965853813135e-03,3.152228940783737277e-01,2.192718833684921265e-01,7.807281017303466797e-01,1.000000000000000000e+00
-1.341664889247123557e-02,-2.556179775004011057e-02,4.359761915713661340e-03,2.192730972683715196e-02,4.929833114147186279e-01,5.070166587829589844e-01,1.000000000000000000e+00
-1.392788484747203848e-02,1.694973596553581707e-01,4.798308110250404553e-03,-2.693768797492805400e-01,7.724935412406921387e-01,2.275064140558242798e-01,0.000000000000000000e+00
-1.053793765436487548e-02,-2.569273675027203274e-02,-5.892294847352061091e-04,2.481559152921553046e-02,4.958387613296508789e-01,5.041612386703491211e-01,1.000000000000000000e+00
-1.105179238937031676e-02,1.694376595692366483e-01,-9.291765415089553882e-05,-2.680531855978424138e-01,7.757661938667297363e-01,2.242338657379150391e-01,0.000000000000000000e+00
-7.663039197985583618e-03,-2.568296546540990710e-02,-5.453981366107744054e-03,2.460043290038804731e-02,5.026261806488037109e-01,4.973738193511962891e-01,0.000000000000000000e+00
-8.176698507293781240e-03,-2.207262788684738741e-01,-4.961972708099983420e-03,3.155575891375356212e-01,2.215045690536499023e-01,7.784954309463500977e-01,1.000000000000000000e+00
-1.259122408466325886e-02,-2.553400055580043460e-02,1.349179074650729004e-03,2.131396206841346119e-02,4.975600838661193848e-01,5.024399757385253906e-01,1.000000000000000000e+00
-1.310190409577926748e-02,1.695685760968221323e-01,1.775458316018998237e-03,-2.709429780263524212e-01,7.764180302619934082e-01,2.235819995403289795e-01,0.000000000000000000e+00
-9.710532573842824838e-03,-2.557866557093149695e-02,-3.643401244508050196e-03,2.229940758107484822e-02,5.029406547546386719e-01,4.970593154430389404e-01,0.000000000000000000e+00
-1.022210588526145485e-02,-2.206481778454210951e-01,-3.197413092886553128e-03,3.138305763298542828e-01,2.212380766868591309e-01,7.787618637084960938e-01,1.000000000000000000e+00
-1.463506944216987765e-02,-2.548082458215580881e-02,3.079198433710532770e-03,2.014100504894261734e-02,4.965033233165740967e-01,5.034965872764587402e-01,1.000000000000000000e+00
-1.514468593381299369e-02,1.695968325857107328e-01,3.482018534689385134e-03,-2.715688105788210960e-01,7.752409577369689941e-01,2.247590571641921997e-01,0.000000000000000000e+00
1.169128348646607252e-02,-1.373662240443975641e-02,1.414793430911928662e-02,-3.070415688558767592e-02,5.530928969383239746e-01,4.469070732593536377e-01,0.000000000000000000e+00
1.141655103837727753e-02,-2.090585750956890920e-01,1.353385117140753352e-02,2.664088042410512336e-01,2.521695196628570557e-01,7.478304505348205566e-01,1.000000000000000000e+00
7.235379536463495270e-03,-1.413237062236036290e-02,1.886202725622855916e-02,-2.197489433738569753e-02,5.351586937904357910e-01,4.648413062095642090e-01,0.000000000000000000e+00
6.952732124016288220e-03,-2.095196720777725286e-01,1.842252936948084521e-02,2.765990309933662461e-01,2.376718074083328247e-01,7.623282074928283691e-01,1.000000000000000000e+00
2.762338682460837441e-03,-1.466533046126652917e-02,2.395450998934817166e-02,-1.021696691154611036e-02,5.127417445182800293e-01,4.872581958770751953e-01,0.000000000000000000e+00
2.469032073235506979e-03,-2.101224855285268589e-01,2.375017065111724793e-02,2.899266044304430467e-01,2.207540273666381836e-01,7.792459726333618164e-01,1.000000000000000000e+00
-1.733417637335029921e-03,-1.534710847965178870e-02,2.954870273972610983e-02,4.827829030680352851e-03,4.854050874710083008e-01,5.145949125289916992e-01,1.000000000000000000e+00
-2.040359806928065869e-03,1.793388840656413852e-01,2.964525932033971675e-02,-2.783876255623862206e-01,7.600259780883789062e-01,2.399740666151046753e-01,0.000000000000000000e+00
1.546417874384762095e-03,-1.619316327307659953e-02,2.407750680909199331e-02,2.349600331626283678e-02,4.685325920581817627e-01,5.314674377441406250e-01,1.000000000000000000e+00
1.222554608923230026e-03,1.785753673804630903e-01,2.454742687541724977e-02,-2.614940093585759184e-01,7.493488192558288574e-01,2.506511211395263672e-01,0.000000000000000000e+00
4.794061956532491738e-03,-1.688823458754104556e-02,1.931754668824572918e-02,3.882928047837469476e-02,4.551916122436523438e-01,5.448083877563476562e-01,1.000000000000000000e+00
4.456297264781671104e-03,1.779514526473332248e-01,2.009413229781322266e-02,-2.476967156668765657e-01,7.407361865043640137e-01,2.592637240886688232e-01,0.000000000000000000e+00
8.015326317728336397e-03,-1.745162527100660443e-02,1.514019798447569128e-02,5.125600651001643859e-02,4.449589848518371582e-01,5.550410151481628418e-01,1.000000000000000000e+00
7.666293812308204447e-03,1.774499965793848721e-01,1.616531811467602012e-02,-2.366118714215885155e-01,7.340996265411376953e-01,2.659003436565399170e-01,0.000000000000000000e+00
1.121529374389590092e-02,-1.789913076122806590e-02,1.143308068624425064e-02,6.112593085110967772e-02,4.374874532222747803e-01,5.625124573707580566e-01,1.000000000000000000e+00
1.085731112867133891e-02,1.770570447294813332e-01,1.265559930326644496e-02,-2.279279672791902911e-01,7.293458580970764160e-01,2.706541419029235840e-01,0.000000000000000000e+00
1.439845202326096515e-02,-1.824345683613073921e-02,8.097039957682638373e-03,6.871997214605984894e-02,4.325066506862640381e-01,5.674933791160583496e-01,1.000000000000000000e+00
1.403358288653835072e-02,1.767614778993927549e-01,9.471439400603834727e-03,-2.213973375806902455e-01,7.263890504837036133e-01,2.736110091209411621e-01,0.000000000000000000e+00
1.756881244452620713e-02,-1.849456494429624343e-02,5.043492648990029366e-03,7.425815128752710770e-02,4.298192262649536133e-01,5.701807737350463867e-01,1.000000000000000000e+00
1.719892114564028351e-02,1.765547205406231834e-01,6.528655674740571971e-03,-2.168292753202619161e-01,7.251583337783813477e-01,2.748416364192962646e-01,0.000000000000000000e+00
2.073001555645274593e-02,-1.865995021588784386e-02,2.192070168335333476e-03,7.790590144300574282e-02,4.292970001697540283e-01,5.707029700279235840e-01,1.000000000000000000e+00
2.035681655213499031e-02,1.764305079968092049e-01,3.750188197195448124e-03,-2.140846146806107964e-01,7.256026268005371094e-01,2.743973135948181152e-01,0.000000000000000000e+00
2.388542671207117413e-02,-1.874485737085368475e-02,-5.315040964167681500e-04,7.977892742209896637e-02,4.308769106864929199e-01,5.691230893135070801e-01,1.000000000000000000e+00
2.351052956465410002e-02,1.763847090600110801e-01,1.064074452025211238e-03,-2.130716430786084303e-01,7.276918888092041016e-01,2.723080813884735107e-01,0.000000000000000000e+00
2.703822374585432287e-02,-1.875243923590169670e-02,-3.197358409546957082e-03,7.994675148645963292e-02,4.345580637454986572e-01,5.654419064521789551e-01,1.000000000000000000e+00
2.666317496113628990e-02,1.764152005412570612e-01,-1.598423379817764337e-03,-2.137432335374614967e-01,7.314169406890869141e-01,2.685830295085906982e-01,0.000000000000000000e+00
3.019147897196143224e-02,-1.868386175820505035e-02,-5.873288050566994115e-03,7.843504978592585886e-02,4.404001832008361816e-01,5.595998167991638184e-01,1.000000000000000000e+00
2.981780173679733290e-02,1.765217911131511386e-01,-4.304587054848476799e-03,-2.160951160057252851e-01,7.367875576019287109e-01,2.632124423980712891e-01,0.000000000000000000e+00
3.334823755906035636e-02,-1.853835843577830711e-02,-8.626489374962981876e-03,7.522685286519975589e-02,4.485231637954711914e-01,5.514768362045288086e-01,1.000000000000000000e+00
3.297747039034479299e-02,1.767061924021437747e-01,-7.121952317658986759e-03,-2.201652328444138607e-01,7.438279986381530762e-01,2.561720311641693115e-01,0.000000000000000000e+00
3.651159423838766516e-02,-1.831323607102489093e-02,-1.152525697454726342e-02,7.026265475453052911e-02,4.591066539287567139e-01,5.408933758735656738e-01,1.000000000000000000e+00
3.614532951696716734e-02,1.769720360856512353e-01,-1.012000387945665228e-02,-2.260341491980827899e-01,7.525709271430969238e-01,2.474290281534194946e-01,0.000000000000000000e+00
3.968477023868019482e-02,-1.800383275461026056e-02,-1.464068686341830905e-02,6.343944757066677376e-02,4.723894596099853516e-01,5.276105403900146484e-01,1.000000000000000000e+00
3.932469358358799127e-02,1.773249365115053544e-01,-1.337189791200497392e-02,-2.338265135567271225e-01,7.630482316017150879e-01,2.369517832994461060e-01,0.000000000000000000e+00
4.287119231381809892e-02,-1.760342804531678240e-02,-1.804842818313951575e-02,5.460867182709194800e-02,4.886659681797027588e-01,5.113340616226196289e-01,1.000000000000000000e+00
4.251912375291176660e-02,1.777725990398593137e-01,-1.695625474659767651e-02,-2.437135877218533642e-01,7.752780914306640625e-01,2.247219085693359375e-01,0.000000000000000000e+00
4.607457573370895426e-02,-1.710310447451654503e-02,-2.183052650103474435e-02,4.357304633713865449e-02,5.082772970199584961e-01,4.917227029800415039e-01,0.000000000000000000e+00
4.573251364421862530e-02,-2.119053220003353222e-01,-2.095906557429197056e-02,3.292890824291994090e-01,2.299342006444931030e-01,7.700658440589904785e-01,1.000000000000000000e+00
4.149440720421192219e-02,-1.649137235107017707e-02,-1.437328392570798308e-02,3.007102288625235209e-02,5.158082246780395508e-01,4.841918051242828369e-01,0.000000000000000000e+00
4.116457975719051837e-02,-2.114042845283393979e-01,-1.377186346798293590e-02,3.181845912141983979e-01,2.331051379442214966e-01,7.668948769569396973e-01,1.000000000000000000e+00
3.693649406662372764e-02,-1.608892022853103398e-02,-7.408171643698968113e-03,2.119052770668672370e-02,5.179272294044494629e-01,4.820727705955505371e-01,0.000000000000000000e+00
3.661471566205310585e-02,-2.111038514540728439e-01,-6.984361089565233396e-03,3.115269150783667174e-01,2.326560020446777344e-01,7.673440575599670410e-01,1.000000000000000000e+00
3.239263863297164869e-02,-1.588309562315065593e-02,-7.538227879978990492e-04,1.664953817884795573e-02,5.147849917411804199e-01,4.852150380611419678e-01,0.000000000000000000e+00
3.207497672050863696e-02,-2.109942280161321293e-01,-4.208320244209399325e-04,3.090945297358927979e-01,2.286478281021118164e-01,7.713522315025329590e-01,1.000000000000000000e+00
2.785509216018599438e-02,-1.586628320423169591e-02,5.761058570296916787e-03,1.627891382432367084e-02,5.063900947570800781e-01,4.936099052429199219e-01,0.000000000000000000e+00
2.753776649610135963e-02,-2.110703790647519285e-01,6.086636846783390238e-03,3.107739403909485776e-01,2.211843132972717285e-01,7.788156867027282715e-01,1.000000000000000000e+00
2.331635891480631981e-02,-1.603567214735995838e-02,1.230211565460236078e-02,2.001675929172547219e-02,4.926220774650573730e-01,5.073779225349426270e-01,1.000000000000000000e+00
2.299564547185911981e-02,1.789077126828589603e-01,1.270245084043686995e-02,-2.687594601105080527e-01,7.699249386787414551e-01,2.300750613212585449e-01,0.000000000000000000e+00
2.657379972551629846e-02,-1.639318990928548270e-02,7.327261638226709173e-03,2.790268003338219893e-02,4.891145825386047363e-01,5.108854174613952637e-01,1.000000000000000000e+00
2.624593592733058880e-02,1.786229208856344730e-01,7.885315238894352596e-03,-2.624594379182975112e-01,7.688504457473754883e-01,2.311495542526245117e-01,0.000000000000000000e+00
2.981839434504327674e-02,-1.661069445927149113e-02,2.636126480528402580e-03,3.270013934654503185e-02,4.892758131027221680e-01,5.107242465019226074e-01,1.000000000000000000e+00
2.948618045585784525e-02,1.784733545787668685e-01,3.290129267459303113e-03,-2.591498971703350418e-01,7.702344059944152832e-01,2.297656238079071045e-01,0.000000000000000000e+00
3.305564754743318262e-02,-1.669541141103719761e-02,-1.892868675947397689e-03,3.456896355608812810e-02,4.930423796176910400e-01,5.069575905799865723e-01,1.000000000000000000e+00
3.272173931921244089e-02,1.784536328820470474e-01,-1.201489404825635066e-03,-2.587105815348844096e-01,7.740350365638732910e-01,2.259649634361267090e-01,0.000000000000000000e+00
3.629081197685338211e-02,-1.665114508494644485e-02,-6.375701035523323110e-03,3.359313637905336769e-02,5.004453659057617188e-01,4.995546340942382812e-01,0.000000000000000000e+00
3.595778907515445599e-02,-2.116810888375686428e-01,-5.703838307942256033e-03,3.242576627113716303e-01,2.203897088766098022e-01,7.796102762222290039e-01,1.000000000000000000e+00
3.172416729840308453e-02,-1.647838777109247865e-02,7.813149462851769200e-04,2.978145473904181273e-02,4.957509338855743408e-01,5.042490959167480469e-01,1.000000000000000000e+00
3.139459954298123162e-02,1.786323502142687647e-01,1.376944041066013175e-03,-2.626548563387094415e-01,7.751718759536743164e-01,2.248280495405197144e-01,0.000000000000000000e+00
3.496724654726660747e-02,-1.650922862580292416e-02,-3.876153085708176037e-03,3.046205585394295978e-02,5.012134313583374023e-01,4.987865388393402100e-01,0.000000000000000000e+00
3.463706197475054788e-02,-2.115753797570331940e-01,-3.266911968629316893e-03,3.219194983122577458e-01,2.202433049678802490e-01,7.797566652297973633e-01,1.000000000000000000e+00
3.040555437960988303e-02,-1.640705928378866085e-02,3.171477997615838266e-03,2.820810942241958053e-02,4.946261644363403320e-01,5.053738951683044434e-01,1.000000000000000000e+00
3.007741319393410911e-02,1.786692674969524997e-01,3.735640186064230137e-03,-2.634724961835382961e-01,7.737686038017272949e-01,2.262314260005950928e-01,0.000000000000000000e+00
3.365079854387315744e-02,-1.650580548492591726e-02,-1.533809737606536307e-03,3.038634619972602202e-02,4.982022643089294434e-01,5.017977356910705566e-01,1.000000000000000000e+00
3.332068243417463799e-02,1.786381078027159675e-01,-9.260828136120158142e-04,-2.627801193002238800e-01,7.774422168731689453e-01,2.225577980279922485e-01,0.000000000000000000e+00
3.689344459022896039e-02,-1.647061218728776422e-02,-6.181685199616492737e-03,2.961056687827873235e-02,5.055428147315979004e-01,4.944572150707244873e-01,0.000000000000000000e+00
3.656403234648320649e-02,-2.115033712187217030e-01,-5.589473862050917813e-03,3.203367119453686129e-01,2.237790673971176147e-01,7.762209177017211914e-01,1.000000000000000000e+00
3.233396492210877105e-02,-1.630226623700792299e-02,8.172603768564542376e-04,2.589633158879867114e-02,5.009110569953918457e-01,4.990889430046081543e-01,0.000000000000000000e+00
3.200791959736861564e-02,-2.114359280898624738e-01,1.335187008632427721e-03,3.188370011426794881e-01,2.188076525926589966e-01,7.811923027038574219e-01,1.000000000000000000e+00
2.777920103557136519e-02,-1.633301841247514208e-02,7.711927031486018151e-03,2.657544235149500444e-02,4.906968176364898682e-01,5.093031525611877441e-01,1.000000000000000000e+00
2.745254066732186193e-02,1.786774935677347131e-01,8.243435878515918344e-03,-2.636643430739848415e-01,7.698404192924499512e-01,2.301595509052276611e-01,0.000000000000000000e+00
3.102609053867655745e-02,-1.656114538385997093e-02,2.970149017036221445e-03,3.160720764021301976e-02,4.906141459941864014e-01,5.093858242034912109e-01,1.000000000000000000e+00
3.069486763099935761e-02,1.785180867749675271e-01,3.602293169840481857e-03,-2.601371273615569191e-01,7.710658907890319824e-01,2.289340794086456299e-01,0.000000000000000000e+00
3.426522936649870760e-02,-1.665510301116798764e-02,-1.600449377390656801e-03,3.367982972009259113e-02,4.941659867763519287e-01,5.058339834213256836e-01,1.000000000000000000e+00
3.393212730627534479e-02,1.784897626097128875e-01,-9.268527829888050136e-04,-2.595076257387520791e-01,7.747209072113037109e-01,2.252791225910186768e-01,0.000000000000000000e+00
3.750192255846960393e-02,-1.661894482380418814e-02,-6.117005297763846577e-03,3.288281502535728151e-02,5.013769865036010742e-01,4.986229240894317627e-01,0.000000000000000000e+00
3.716954366199352183e-02,-2.116526439037385854e-01,-5.459348997256700982e-03,3.236295020279040813e-01,2.209485471248626709e-01,7.790514826774597168e-01,1.000000000000000000e+00
3.293649078391874818e-02,-1.645338271732144086e-02,1.013241043301380505e-03,2.922993296621539949e-02,4.965086877346038818e-01,5.034912824630737305e-01,1.000000000000000000e+00
3.260742312957232159e-02,1.786540233406590794e-01,1.597839702625688521e-03,-2.631331330736615404e-01,7.756223678588867188e-01,2.243776023387908936e-01,0.000000000000000000e+00
3.618050359638550623e-02,-1.649069880973585978e-02,-3.664822958847542035e-03,3.005334115791014060e-02,5.018101930618286133e-01,4.981898665428161621e-01,0.000000000000000000e+00
3.585068962019078570e-02,-2.115599031012564413e-01,-3.063756135689339050e-03,3.215777270891352346e-01,2.205896228551864624e-01,7.794103622436523438e-01,1.000000000000000000e+00
3.161949155816565910e-02,-1.639445655598931184e-02,3.367798406093365504e-03,2.793018833064936368e-02,4.950713217258453369e-01,5.049287080764770508e-01,1.000000000000000000e+00
3.129160242704587258e-02,1.786790365419232696e-01,3.926402172706352535e-03,-2.636882610557468309e-01,7.740172743797302246e-01,2.259827256202697754e-01,0.000000000000000000e+00
3.486518315788433853e-02,-1.649873793430736701e-02,-1.347363048408584292e-03,3.023050319597431201e-02,4.985005259513854980e-01,5.014994144439697266e-01,1.000000000000000000e+00
3.453520839919819313e-02,1.786425092971617168e-01,-7.427529844890980518e-04,-2.628772265749588222e-01,7.775914072990417480e-01,2.224086225032806396e-01,0.000000000000000000e+00
3.810805858514142858e-02,-1.646883196109258374e-02,-6.000297515988274599e-03,2.957133522550436933e-02,5.056954026222229004e-01,4.943045675754547119e-01,0.000000000000000000e+00
3.777868194591958023e-02,-2.115042235212533928e-01,-5.408870811478187247e-03,3.203550792195811736e-01,2.238358259201049805e-01,7.761641144752502441e-01,1.000000000000000000e+00
3.354859747549451127e-02,-1.630566210090556023e-02,9.982307729134365024e-04,2.597131984362754942e-02,5.009162425994873047e-01,4.990837872028350830e-01,0.000000000000000000e+00
3.322248423347640145e-02,-2.114419145163435321e-01,1.517657169785987517e-03,3.189690324305059499e-01,2.187654823064804077e-01,7.812345027923583984e-01,1.000000000000000000e+00
2.899364594314952914e-02,-1.634161092677249849e-02,7.897037818396106940e-03,2.676510511116875213e-02,4.905487000942230225e-01,5.094512701034545898e-01,1.000000000000000000e+00
2.866681372461407987e-02,1.786662056078769101e-01,8.432339920619482190e-03,-2.634157937667478411e-01,7.696843147277832031e-01,2.303156107664108276e-01,0.000000000000000000e+00
3.224013783677161932e-02,-1.657508537993848674e-02,3.164024045284524918e-03,3.191480945443292416e-02,4.903025031089782715e-01,5.096974968910217285e-01,1.000000000000000000e+00
3.190863612917285014e-02,1.785013496553764234e-01,3.802320234373183280e-03,-2.597681568928422169e-01,7.707951664924621582e-01,2.292047739028930664e-01,0.000000000000000000e+00
3.547866312228038083e-02,-1.667467508400188869e-02,-1.393042903483661301e-03,3.411164333562211048e-02,4.936766922473907471e-01,5.063233375549316406e-01,1.000000000000000000e+00
3.514516962060034583e-02,1.784672250933541648e-01,-7.108100367712190783e-04,-2.590104773969476581e-01,7.743288278579711914e-01,2.256711423397064209e-01,0.000000000000000000e+00
3.871451412246743051e-02,-1.664457138289096583e-02,-5.891019584710172584e-03,3.344816524890081855e-02,5.006918311119079590e-01,4.993082284927368164e-01,0.000000000000000000e+00
3.838162269480960981e-02,-2.116815498885825375e-01,-5.222056279732155935e-03,3.242666068430619108e-01,2.204304635524749756e-01,7.795695662498474121e-01,1.000000000000000000e+00
3.414799169703795767e-02,-1.648563328157229280e-02,1.263275857129082455e-03,2.994144658077357857e-02,4.956054091453552246e-01,5.043945908546447754e-01,1.000000000000000000e+00
3.381827903140650904e-02,1.786181790552275050e-01,1.862104788744553888e-03,-2.623426354016066275e-01,7.749385833740234375e-01,2.250614464282989502e-01,0.000000000000000000e+00
3.739064261251105747e-02,-1.653030286725828968e-02,-3.384747919287578802e-03,3.092703847538347262e-02,5.006601810455322266e-01,4.993398785591125488e-01,0.000000000000000000e+00
3.706003655516589002e-02,-2.116035518518111225e-01,-2.766207149779909523e-03,3.225401218204242415e-01,2.197468280792236328e-01,7.802531719207763672e-01,1.000000000000000000e+00
